Point	Label	1	2	3	4	5
1	L	0	1	1	0	0
2	J	0	1	0	1	0
3	F	0	0	1	1	0
4	C	0	0	0	1	1
5	L	0	1	1	0	0
6	E	0	0	1	0	1
7	B	0	0	0	1	0
8	N	0	1	1	1	0
9	H	0	1	0	0	0
10	O	0	1	1	1	1
11	V	1	0	1	1	0
12	Z	1	1	0	0	0
13	Z	1	1	0	0	0
14	Q	1	0	0	0	1
15	G	0	0	1	1	1
16	L	0	1	1	0	0
17	B	0	0	0	1	0
18	N	0	1	1	1	0
19	H	0	1	0	0	0
20	O	0	1	1	1	1
21	V	1	0	1	1	0
22	V	1	0	1	1	0
23	R	1	0	0	1	0
24	X	0	0	0	0	0
25	L	0	1	1	0	0
26	I	0	1	0	0	1
27	P	1	0	0	0	0
28	K	0	1	0	1	1
29	X	0	0	0	0	0
30	N	0	1	1	1	0
31	N	0	1	1	1	0
32	K	0	1	0	1	1
33	S	1	0	0	1	1
34	F	0	0	1	1	0
35	N	0	1	1	1	0
36	C	0	0	0	1	1
37	G	0	0	1	1	1
38	L	0	1	1	0	0
39	L	0	1	1	0	0
40	E	0	0	1	0	1
41	B	0	0	0	1	0
42	N	0	1	1	1	0
43	H	0	1	0	0	0
44	O	0	1	1	1	1
45	U	1	0	1	0	1
46	X	0	0	0	0	0
47	N	0	1	1	1	0
48	K	0	1	0	1	1
49	R	1	0	0	1	0
50	W	1	0	1	1	1
51	C	0	0	0	1	1
52	G	0	0	1	1	1
53	A	0	0	0	0	1
54	L	0	1	1	0	0
55	E	0	0	1	0	1
56	R	1	0	0	1	0
57	V	1	0	1	1	0
58	V	1	0	1	1	0
59	O	0	1	1	1	1
60	U	1	0	1	0	1
61	I	0	1	0	0	1
62	L	0	1	1	0	0
63	L	0	1	1	0	0
64	I	0	1	0	0	1
65	U	1	0	1	0	1
66	O	0	1	1	1	1
67	B	0	0	0	1	0
68	K	0	1	0	1	1
69	C	0	0	0	1	1
70	N	0	1	1	1	0
71	N	0	1	1	1	0
72	K	0	1	0	1	1
73	W	1	0	1	1	1
74	R	1	0	0	1	0
75	D	0	0	1	0	0
76	I	0	1	0	0	1
77	A	0	0	0	0	1
78	N	0	1	1	1	0
79	K	0	1	0	1	1
80	W	1	0	1	1	1
81	S	1	0	0	1	1
82	G	0	0	1	1	1
83	Q	1	0	0	0	1
84	Z	1	1	0	0	0
85	Z	1	1	0	0	0
86	S	1	0	0	1	1
87	E	0	0	1	0	1
88	R	1	0	0	1	0
89	U	1	0	1	0	1
90	L	0	1	1	0	0
91	B	0	0	0	1	0
92	N	0	1	1	1	0
93	V	1	0	1	1	0
94	U	1	0	1	0	1
95	O	0	1	1	1	1
96	D	0	0	1	0	0
97	L	0	1	1	0	0
98	M	0	1	1	0	1
99	C	0	0	0	1	1
100	N	0	1	1	1	0
101	M	0	1	1	0	1
102	B	0	0	0	1	0
103	H	0	1	0	0	0
104	K	0	1	0	1	1
105	W	1	0	1	1	1
106	R	1	0	0	1	0
107	D	0	0	1	0	0
108	K	0	1	0	1	1
109	C	0	0	0	1	1
110	S	1	0	0	1	1
111	G	0	0	1	1	1
112	O	0	1	1	1	1
113	V	1	0	1	1	0
114	K	0	1	0	1	1
115	D	0	0	1	0	0
116	I	0	1	0	0	1
117	A	0	0	0	0	1
118	L	0	1	1	0	0
119	L	0	1	1	0	0
120	J	0	1	0	1	0
121	F	0	0	1	1	0
122	C	0	0	0	1	1
123	L	0	1	1	0	0
124	A	0	0	0	0	1
125	S	1	0	0	1	1
126	Q	1	0	0	0	1
127	L	0	1	1	0	0
128	U	1	0	1	0	1
129	X	0	0	0	0	0
130	L	0	1	1	0	0
131	K	0	1	0	1	1
132	N	0	1	1	1	0
133	N	0	1	1	1	0
134	J	0	1	0	1	0
135	G	0	0	1	1	1
136	A	0	0	0	0	1
137	L	0	1	1	0	0
138	L	0	1	1	0	0
139	E	0	0	1	0	1
140	B	0	0	0	1	0
141	N	0	1	1	1	0
142	H	0	1	0	0	0
143	O	0	1	1	1	1
144	U	1	0	1	0	1
145	A	0	0	0	0	1
146	F	0	0	1	1	0
147	C	0	0	0	1	1
148	N	0	1	1	1	0
149	H	0	1	0	0	0
150	O	0	1	1	1	1
151	V	1	0	1	1	0
152	V	1	0	1	1	0
153	R	1	0	0	1	0
154	V	1	0	1	1	0
155	I	0	1	0	0	1
156	A	0	0	0	0	1
157	Q	1	0	0	0	1
158	F	0	0	1	1	0
159	S	1	0	0	1	1
160	Z	1	1	0	0	0
161	W	1	0	1	1	1
162	N	0	1	1	1	0
163	C	0	0	0	1	1
164	N	0	1	1	1	0
165	M	0	1	1	0	1
166	X	0	0	0	0	0
167	L	0	1	1	0	0
168	I	0	1	0	0	1
169	O	0	1	1	1	1
170	V	1	0	1	1	0
171	V	1	0	1	1	0
172	T	1	0	1	0	0
173	E	0	0	1	0	1
174	O	0	1	1	1	1
175	X	0	0	0	0	0
176	L	0	1	1	0	0
177	K	0	1	0	1	1
178	N	0	1	1	1	0
179	N	0	1	1	1	0
180	K	0	1	0	1	1
181	S	1	0	0	1	1
182	F	0	0	1	1	0
183	N	0	1	1	1	0
184	D	0	0	1	0	0
185	L	0	1	1	0	0
186	E	0	0	1	0	1
187	R	1	0	0	1	0
188	W	1	0	1	1	1
189	C	0	0	0	1	1
190	G	0	0	1	1	1
191	A	0	0	0	0	1
192	L	0	1	1	0	0
193	E	0	0	1	0	1
194	R	1	0	0	1	0
195	V	1	0	1	1	0
196	V	1	0	1	1	0
197	O	0	1	1	1	1
198	V	1	0	1	1	0
199	I	0	1	0	0	1
200	A	0	0	0	0	1
201	M	0	1	1	0	1
202	X	0	0	0	0	0
203	L	0	1	1	0	0
204	I	0	1	0	0	1
205	Q	1	0	0	0	1
206	G	0	0	1	1	1
207	L	0	1	1	0	0
208	B	0	0	0	1	0
209	N	0	1	1	1	0
210	H	0	1	0	0	0
211	O	0	1	1	1	1
212	U	1	0	1	0	1
213	A	0	0	0	0	1
214	F	0	0	1	1	0
215	C	0	0	0	1	1
216	L	0	1	1	0	0
217	B	0	0	0	1	0
218	N	0	1	1	1	0
219	H	0	1	0	0	0
220	O	0	1	1	1	1
221	W	1	0	1	1	1
222	N	0	1	1	1	0
223	C	0	0	0	1	1
224	L	0	1	1	0	0
225	I	0	1	0	0	1
226	Q	1	0	0	0	1
227	G	0	0	1	1	1
228	L	0	1	1	0	0
229	B	0	0	0	1	0
230	N	0	1	1	1	0
231	H	0	1	0	0	0
232	P	1	0	0	0	0
233	K	0	1	0	1	1
234	N	0	1	1	1	0
235	N	0	1	1	1	0
236	J	0	1	0	1	0
237	G	0	0	1	1	1
238	A	0	0	0	0	1
239	L	0	1	1	0	0
240	L	0	1	1	0	0
241	E	0	0	1	0	1
242	B	0	0	0	1	0
243	N	0	1	1	1	0
244	H	0	1	0	0	0
245	O	0	1	1	1	1
246	U	1	0	1	0	1
247	B	0	0	0	1	0
248	W	1	0	1	1	1
249	M	0	1	1	0	1
250	O	0	1	1	1	1
251	T	1	0	1	0	0
252	U	1	0	1	0	1
253	V	1	0	1	1	0
254	O	0	1	1	1	1
255	W	1	0	1	1	1
256	R	1	0	0	1	0
257	D	0	0	1	0	0
258	I	0	1	0	0	1
259	A	0	0	0	0	1
260	L	0	1	1	0	0
261	L	0	1	1	0	0
262	I	0	1	0	0	1
263	U	1	0	1	0	1
264	O	0	1	1	1	1
265	B	0	0	0	1	0
266	J	0	1	0	1	0
267	Z	1	1	0	0	0
268	S	1	0	0	1	1
269	Z	1	1	0	0	0
270	Z	1	1	0	0	0
271	Q	1	0	0	0	1
272	H	0	1	0	0	0
273	O	0	1	1	1	1
274	V	1	0	1	1	0
275	V	1	0	1	1	0
276	R	1	0	0	1	0
277	W	1	0	1	1	1
278	K	0	1	0	1	1
279	N	0	1	1	1	0
280	N	0	1	1	1	0
281	J	0	1	0	1	0
282	X	0	0	0	0	0
283	L	0	1	1	0	0
284	K	0	1	0	1	1
285	N	0	1	1	1	0
286	M	0	1	1	0	1
287	B	0	0	0	1	0
288	N	0	1	1	1	0
289	W	1	0	1	1	1
290	C	0	0	0	1	1
291	G	0	0	1	1	1
292	A	0	0	0	0	1
293	N	0	1	1	1	0
294	C	0	0	0	1	1
295	G	0	0	1	1	1
296	M	0	1	1	0	1
297	A	0	0	0	0	1
298	L	0	1	1	0	0
299	M	0	1	1	0	1
300	D	0	0	1	0	0
301	E	0	0	1	0	1
302	K	0	1	0	1	1
303	N	0	1	1	1	0
304	N	0	1	1	1	0
305	K	0	1	0	1	1
306	R	1	0	0	1	0
307	V	1	0	1	1	0
308	V	1	0	1	1	0
309	X	0	0	0	0	0
310	N	0	1	1	1	0
311	K	0	1	0	1	1
312	R	1	0	0	1	0
313	V	1	0	1	1	0
314	V	1	0	1	1	0
315	P	1	0	0	0	0
316	H	0	1	0	0	0
317	R	1	0	0	1	0
318	D	0	0	1	0	0
319	J	0	1	0	1	0
320	Z	1	1	0	0	0
321	X	0	0	0	0	0
322	M	0	1	1	0	1
323	D	0	0	1	0	0
324	L	0	1	1	0	0
325	V	1	0	1	1	0
326	W	1	0	1	1	1
327	R	1	0	0	1	0
328	B	0	0	0	1	0
329	N	0	1	1	1	0
330	M	0	1	1	0	1
331	B	0	0	0	1	0
332	X	0	0	0	0	0
333	L	0	1	1	0	0
334	I	0	1	0	0	1
335	O	0	1	1	1	1
336	V	1	0	1	1	0
337	W	1	0	1	1	1
338	R	1	0	0	1	0
339	B	0	0	0	1	0
340	N	0	1	1	1	0
341	M	0	1	1	0	1
342	B	0	0	0	1	0
343	H	0	1	0	0	0
344	I	0	1	0	0	1
345	L	0	1	1	0	0
346	M	0	1	1	0	1
347	X	0	0	0	0	0
348	L	0	1	1	0	0
349	I	0	1	0	0	1
350	O	0	1	1	1	1
351	V	1	0	1	1	0
352	W	1	0	1	1	1
353	R	1	0	0	1	0
354	B	0	0	0	1	0
355	N	0	1	1	1	0
356	M	0	1	1	0	1
357	A	0	0	0	0	1
358	L	0	1	1	0	0
359	N	0	1	1	1	0
360	N	0	1	1	1	0
361	C	0	0	0	1	1
362	Q	1	0	0	0	1
363	S	1	0	0	1	1
364	N	0	1	1	1	0
365	W	1	0	1	1	1
366	D	0	0	1	0	0
367	V	1	0	1	1	0
368	V	1	0	1	1	0
369	O	0	1	1	1	1
370	U	1	0	1	0	1
371	I	0	1	0	0	1
372	L	0	1	1	0	0
373	L	0	1	1	0	0
374	J	0	1	0	1	0
375	F	0	0	1	1	0
376	D	0	0	1	0	0
377	E	0	0	1	0	1
378	K	0	1	0	1	1
379	N	0	1	1	1	0
380	M	0	1	1	0	1
381	A	0	0	0	0	1
382	L	0	1	1	0	0
383	L	0	1	1	0	0
384	I	0	1	0	0	1
385	V	1	0	1	1	0
386	K	0	1	0	1	1
387	D	0	0	1	0	0
388	X	0	0	0	0	0
389	L	0	1	1	0	0
390	I	0	1	0	0	1
391	Q	1	0	0	0	1
392	G	0	0	1	1	1
393	L	0	1	1	0	0
394	B	0	0	0	1	0
395	N	0	1	1	1	0
396	H	0	1	0	0	0
397	O	0	1	1	1	1
398	U	1	0	1	0	1
399	A	0	0	0	0	1
400	F	0	0	1	1	0
401	C	0	0	0	1	1
402	L	0	1	1	0	0
403	A	0	0	0	0	1
404	F	0	0	1	1	0
405	N	0	1	1	1	0
406	N	0	1	1	1	0
407	H	0	1	0	0	0
408	D	0	0	1	0	0
409	L	0	1	1	0	0
410	E	0	0	1	0	1
411	R	1	0	0	1	0
412	V	1	0	1	1	0
413	V	1	0	1	1	0
414	O	0	1	1	1	1
415	W	1	0	1	1	1
416	R	1	0	0	1	0
417	D	0	0	1	0	0
418	I	0	1	0	0	1
419	A	0	0	0	0	1
420	N	0	1	1	1	0
421	J	0	1	0	1	0
422	G	0	0	1	1	1
423	A	0	0	0	0	1
424	L	0	1	1	0	0
425	L	0	1	1	0	0
426	A	0	0	0	0	1
427	S	1	0	0	1	1
428	Q	1	0	0	0	1
429	L	0	1	1	0	0
430	V	1	0	1	1	0
431	V	1	0	1	1	0
432	R	1	0	0	1	0
433	V	1	0	1	1	0
434	I	0	1	0	0	1
435	B	0	0	0	1	0
436	K	0	1	0	1	1
437	C	0	0	0	1	1
438	L	0	1	1	0	0
439	I	0	1	0	0	1
440	U	1	0	1	0	1
441	O	0	1	1	1	1
442	B	0	0	0	1	0
443	K	0	1	0	1	1
444	C	0	0	0	1	1
445	N	0	1	1	1	0
446	N	0	1	1	1	0
447	K	0	1	0	1	1
448	W	1	0	1	1	1
449	R	1	0	0	1	0
450	D	0	0	1	0	0
451	I	0	1	0	0	1
452	A	0	0	0	0	1
453	N	0	1	1	1	0
454	K	0	1	0	1	1
455	W	1	0	1	1	1
456	S	1	0	0	1	1
457	G	0	0	1	1	1
458	Q	1	0	0	0	1
459	Z	1	1	0	0	0
460	Z	1	1	0	0	0
461	S	1	0	0	1	1
462	F	0	0	1	1	0
463	N	0	1	1	1	0
464	D	0	0	1	0	0
465	L	0	1	1	0	0
466	E	0	0	1	0	1
467	R	1	0	0	1	0
468	V	1	0	1	1	0
469	V	1	0	1	1	0
470	X	0	0	0	0	0
471	L	0	1	1	0	0
472	K	0	1	0	1	1
473	N	0	1	1	1	0
474	N	0	1	1	1	0
475	K	0	1	0	1	1
476	S	1	0	0	1	1
477	F	0	0	1	1	0
478	N	0	1	1	1	0
479	D	0	0	1	0	0
480	L	0	1	1	0	0
481	F	0	0	1	1	0
482	N	0	1	1	1	0
483	C	0	0	0	1	1
484	H	0	1	0	0	0
485	D	0	0	1	0	0
486	L	0	1	1	0	0
487	E	0	0	1	0	1
488	R	1	0	0	1	0
489	W	1	0	1	1	1
490	C	0	0	0	1	1
491	H	0	1	0	0	0
492	D	0	0	1	0	0
493	U	1	0	1	0	1
494	L	0	1	1	0	0
495	A	0	0	0	0	1
496	N	0	1	1	1	0
497	K	0	1	0	1	1
498	S	1	0	0	1	1
499	E	0	0	1	0	1
500	R	1	0	0	1	0
501	V	1	0	1	1	0
502	U	1	0	1	0	1
503	O	0	1	1	1	1
504	D	0	0	1	0	0
505	L	0	1	1	0	0
506	L	0	1	1	0	0
507	A	0	0	0	0	1
508	R	1	0	0	1	0
509	X	0	0	0	0	0
510	N	0	1	1	1	0
511	K	0	1	0	1	1
512	S	1	0	0	1	1
513	E	0	0	1	0	1
514	T	1	0	1	0	0
515	I	0	1	0	0	1
516	L	0	1	1	0	0
517	L	0	1	1	0	0
518	J	0	1	0	1	0
519	F	0	0	1	1	0
520	C	0	0	0	1	1
521	N	0	1	1	1	0
522	N	0	1	1	1	0
523	G	0	0	1	1	1
524	M	0	1	1	0	1
525	B	0	0	0	1	0
526	H	0	1	0	0	0
527	I	0	1	0	0	1
528	L	0	1	1	0	0
529	L	0	1	1	0	0
530	I	0	1	0	0	1
531	O	0	1	1	1	1
532	W	1	0	1	1	1
533	N	0	1	1	1	0
534	C	0	0	0	1	1
535	L	0	1	1	0	0
536	I	0	1	0	0	1
537	X	0	0	0	0	0
538	L	0	1	1	0	0
539	I	0	1	0	0	1
540	O	0	1	1	1	1
541	V	1	0	1	1	0
542	V	1	0	1	1	0
543	X	0	0	0	0	0
544	L	0	1	1	0	0
545	I	0	1	0	0	1
546	P	1	0	0	0	0
547	K	0	1	0	1	1
548	N	0	1	1	1	0
549	N	0	1	1	1	0
550	K	0	1	0	1	1
551	S	1	0	0	1	1
552	F	0	0	1	1	0
553	N	0	1	1	1	0
554	X	0	0	0	0	0
555	N	0	1	1	1	0
556	K	0	1	0	1	1
557	S	1	0	0	1	1
558	F	0	0	1	1	0
559	N	0	1	1	1	0
560	D	0	0	1	0	0
561	L	0	1	1	0	0
562	E	0	0	1	0	1
563	R	1	0	0	1	0
564	W	1	0	1	1	1
565	C	0	0	0	1	1
566	G	0	0	1	1	1
567	A	0	0	0	0	1
568	L	0	1	1	0	0
569	E	0	0	1	0	1
570	R	1	0	0	1	0
571	V	1	0	1	1	0
572	V	1	0	1	1	0
573	X	0	0	0	0	0
574	L	0	1	1	0	0
575	I	0	1	0	0	1
576	O	0	1	1	1	1
577	V	1	0	1	1	0
578	W	1	0	1	1	1
579	R	1	0	0	1	0
580	B	0	0	0	1	0
581	N	0	1	1	1	0
582	M	0	1	1	0	1
583	A	0	0	0	0	1
584	L	0	1	1	0	0
585	L	0	1	1	0	0
586	B	0	0	0	1	0
587	M	0	1	1	0	1
588	D	0	0	1	0	0
589	E	0	0	1	0	1
590	K	0	1	0	1	1
591	N	0	1	1	1	0
592	N	0	1	1	1	0
593	K	0	1	0	1	1
594	W	1	0	1	1	1
595	R	1	0	0	1	0
596	D	0	0	1	0	0
597	I	0	1	0	0	1
598	A	0	0	0	0	1
599	N	0	1	1	1	0
600	K	0	1	0	1	1
601	V	1	0	1	1	0
602	K	0	1	0	1	1
603	C	0	0	0	1	1
604	S	1	0	0	1	1
605	X	0	0	0	0	0
606	L	0	1	1	0	0
607	I	0	1	0	0	1
608	O	0	1	1	1	1
609	X	0	0	0	0	0
610	L	0	1	1	0	0
611	K	0	1	0	1	1
612	N	0	1	1	1	0
613	M	0	1	1	0	1
614	A	0	0	0	0	1
615	L	0	1	1	0	0
616	L	0	1	1	0	0
617	I	0	1	0	0	1
618	O	0	1	1	1	1
619	W	1	0	1	1	1
620	N	0	1	1	1	0
621	D	0	0	1	0	0
622	L	0	1	1	0	0
623	V	1	0	1	1	0
624	V	1	0	1	1	0
625	T	1	0	1	0	0
626	E	0	0	1	0	1
627	X	0	0	0	0	0
628	L	0	1	1	0	0
629	I	0	1	0	0	1
630	P	1	0	0	0	0
631	K	0	1	0	1	1
632	N	0	1	1	1	0
633	N	0	1	1	1	0
634	K	0	1	0	1	1
635	S	1	0	0	1	1
636	F	0	0	1	1	0
637	N	0	1	1	1	0
638	D	0	0	1	0	0
639	L	0	1	1	0	0
640	E	0	0	1	0	1
641	R	1	0	0	1	0
642	W	1	0	1	1	1
643	D	0	0	1	0	0
644	X	0	0	0	0	0
645	N	0	1	1	1	0
646	K	0	1	0	1	1
647	R	1	0	0	1	0
648	W	1	0	1	1	1
649	C	0	0	0	1	1
650	G	0	0	1	1	1
651	A	0	0	0	0	1
652	L	0	1	1	0	0
653	E	0	0	1	0	1
654	R	1	0	0	1	0
655	V	1	0	1	1	0
656	V	1	0	1	1	0
657	O	0	1	1	1	1
658	U	1	0	1	0	1
659	I	0	1	0	0	1
660	L	0	1	1	0	0
661	L	0	1	1	0	0
662	I	0	1	0	0	1
663	U	1	0	1	0	1
664	Q	1	0	0	0	1
665	F	0	0	1	1	0
666	S	1	0	0	1	1
667	Z	1	1	0	0	0
668	Z	1	1	0	0	0
669	Q	1	0	0	0	1
670	G	0	0	1	1	1
671	L	0	1	1	0	0
672	B	0	0	0	1	0
673	N	0	1	1	1	0
674	H	0	1	0	0	0
675	O	0	1	1	1	1
676	V	1	0	1	1	0
677	U	1	0	1	0	1
678	V	1	0	1	1	0
679	Q	1	0	0	0	1
680	W	1	0	1	1	1
681	W	1	0	1	1	1
682	T	1	0	1	0	0
683	Z	1	1	0	0	0
684	V	1	0	1	1	0
685	V	1	0	1	1	0
686	R	1	0	0	1	0
687	V	1	0	1	1	0
688	I	0	1	0	0	1
689	A	0	0	0	0	1
690	Q	1	0	0	0	1
691	F	0	0	1	1	0
692	R	1	0	0	1	0
693	V	1	0	1	1	0
694	K	0	1	0	1	1
695	C	0	0	0	1	1
696	N	0	1	1	1	0
697	N	0	1	1	1	0
698	K	0	1	0	1	1
699	V	1	0	1	1	0
700	J	0	1	0	1	0
701	Z	1	1	0	0	0
702	Q	1	0	0	0	1
703	U	1	0	1	0	1
704	Q	1	0	0	0	1
705	S	1	0	0	1	1
706	N	0	1	1	1	0
707	W	1	0	1	1	1
708	C	0	0	0	1	1
709	G	0	0	1	1	1
710	A	0	0	0	0	1
711	N	0	1	1	1	0
712	C	0	0	0	1	1
713	G	0	0	1	1	1
714	L	0	1	1	0	0
715	M	0	1	1	0	1
716	D	0	0	1	0	0
717	E	0	0	1	0	1
718	I	0	1	0	0	1
719	O	0	1	1	1	1
720	V	1	0	1	1	0
721	V	1	0	1	1	0
722	R	1	0	0	1	0
723	W	1	0	1	1	1
724	K	0	1	0	1	1
725	N	0	1	1	1	0
726	N	0	1	1	1	0
727	K	0	1	0	1	1
728	W	1	0	1	1	1
729	R	1	0	0	1	0
730	D	0	0	1	0	0
731	I	0	1	0	0	1
732	A	0	0	0	0	1
733	N	0	1	1	1	0
734	K	0	1	0	1	1
735	W	1	0	1	1	1
736	S	1	0	0	1	1
737	G	0	0	1	1	1
738	Q	1	0	0	0	1
739	Z	1	1	0	0	0
740	Z	1	1	0	0	0
741	S	1	0	0	1	1
742	F	0	0	1	1	0
743	N	0	1	1	1	0
744	C	0	0	0	1	1
745	G	0	0	1	1	1
746	L	0	1	1	0	0
747	L	0	1	1	0	0
748	X	0	0	0	0	0
749	L	0	1	1	0	0
750	I	0	1	0	0	1
751	O	0	1	1	1	1
752	U	1	0	1	0	1
753	B	0	0	0	1	0
754	Z	1	1	0	0	0
755	Q	1	0	0	0	1
756	G	0	0	1	1	1
757	L	0	1	1	0	0
758	B	0	0	0	1	0
759	N	0	1	1	1	0
760	H	0	1	0	0	0
761	O	0	1	1	1	1
762	U	1	0	1	0	1
763	A	0	0	0	0	1
764	F	0	0	1	1	0
765	C	0	0	0	1	1
766	N	0	1	1	1	0
767	H	0	1	0	0	0
768	O	0	1	1	1	1
769	V	1	0	1	1	0
770	V	1	0	1	1	0
771	R	1	0	0	1	0
772	V	1	0	1	1	0
773	K	0	1	0	1	1
774	C	0	0	0	1	1
775	L	0	1	1	0	0
776	I	0	1	0	0	1
777	Z	1	1	0	0	0
778	S	1	0	0	1	1
779	X	0	0	0	0	0
780	N	0	1	1	1	0
781	K	0	1	0	1	1
782	T	1	0	1	0	0
783	I	0	1	0	0	1
784	M	0	1	1	0	1
785	B	0	0	0	1	0
786	N	0	1	1	1	0
787	W	1	0	1	1	1
788	C	0	0	0	1	1
789	G	0	0	1	1	1
790	A	0	0	0	0	1
791	L	0	1	1	0	0
792	E	0	0	1	0	1
793	R	1	0	0	1	0
794	U	1	0	1	0	1
795	L	0	1	1	0	0
796	X	0	0	0	0	0
797	L	0	1	1	0	0
798	I	0	1	0	0	1
799	O	0	1	1	1	1
800	V	1	0	1	1	0
801	W	1	0	1	1	1
802	R	1	0	0	1	0
803	B	0	0	0	1	0
804	N	0	1	1	1	0
805	M	0	1	1	0	1
806	B	0	0	0	1	0
807	H	0	1	0	0	0
808	I	0	1	0	0	1
809	L	0	1	1	0	0
810	L	0	1	1	0	0
811	J	0	1	0	1	0
812	F	0	0	1	1	0
813	C	0	0	0	1	1
814	N	0	1	1	1	0
815	N	0	1	1	1	0
816	C	0	0	0	1	1
817	Q	1	0	0	0	1
818	S	1	0	0	1	1
819	X	0	0	0	0	0
820	N	0	1	1	1	0
821	K	0	1	0	1	1
822	S	1	0	0	1	1
823	E	0	0	1	0	1
824	R	1	0	0	1	0
825	X	0	0	0	0	0
826	L	0	1	1	0	0
827	I	0	1	0	0	1
828	P	1	0	0	0	0
829	K	0	1	0	1	1
830	N	0	1	1	1	0
831	M	0	1	1	0	1
832	A	0	0	0	0	1
833	L	0	1	1	0	0
834	M	0	1	1	0	1
835	D	0	0	1	0	0
836	L	0	1	1	0	0
837	W	1	0	1	1	1
838	N	0	1	1	1	0
839	C	0	0	0	1	1
840	L	0	1	1	0	0
841	I	0	1	0	0	1
842	Q	1	0	0	0	1
843	G	0	0	1	1	1
844	L	0	1	1	0	0
845	A	0	0	0	0	1
846	F	0	0	1	1	0
847	N	0	1	1	1	0
848	M	0	1	1	0	1
849	B	0	0	0	1	0
850	H	0	1	0	0	0
851	X	0	0	0	0	0
852	L	0	1	1	0	0
853	I	0	1	0	0	1
854	O	0	1	1	1	1
855	X	0	0	0	0	0
856	L	0	1	1	0	0
857	I	0	1	0	0	1
858	O	0	1	1	1	1
859	X	0	0	0	0	0
860	L	0	1	1	0	0
861	I	0	1	0	0	1
862	X	0	0	0	0	0
863	L	0	1	1	0	0
864	I	0	1	0	0	1
865	X	0	0	0	0	0
866	L	0	1	1	0	0
867	I	0	1	0	0	1
868	X	0	0	0	0	0
869	L	0	1	1	0	0
870	I	0	1	0	0	1
871	X	0	0	0	0	0
872	L	0	1	1	0	0
873	K	0	1	0	1	1
874	N	0	1	1	1	0
875	N	0	1	1	1	0
876	K	0	1	0	1	1
877	R	1	0	0	1	0
878	V	1	0	1	1	0
879	V	1	0	1	1	0
880	O	0	1	1	1	1
881	X	0	0	0	0	0
882	L	0	1	1	0	0
883	I	0	1	0	0	1
884	P	1	0	0	0	0
885	K	0	1	0	1	1
886	N	0	1	1	1	0
887	N	0	1	1	1	0
888	K	0	1	0	1	1
889	S	1	0	0	1	1
890	F	0	0	1	1	0
891	N	0	1	1	1	0
892	C	0	0	0	1	1
893	G	0	0	1	1	1
894	L	0	1	1	0	0
895	L	0	1	1	0	0
896	E	0	0	1	0	1
897	B	0	0	0	1	0
898	N	0	1	1	1	0
899	H	0	1	0	0	0
900	O	0	1	1	1	1
901	U	1	0	1	0	1
902	A	0	0	0	0	1
903	F	0	0	1	1	0
904	C	0	0	0	1	1
905	L	0	1	1	0	0
906	A	0	0	0	0	1
907	F	0	0	1	1	0
908	N	0	1	1	1	0
909	M	0	1	1	0	1
910	B	0	0	0	1	0
911	H	0	1	0	0	0
912	K	0	1	0	1	1
913	T	1	0	1	0	0
914	I	0	1	0	0	1
915	L	0	1	1	0	0
916	M	0	1	1	0	1
917	X	0	0	0	0	0
918	L	0	1	1	0	0
919	I	0	1	0	0	1
920	O	0	1	1	1	1
921	V	1	0	1	1	0
922	X	0	0	0	0	0
923	L	0	1	1	0	0
924	I	0	1	0	0	1
925	P	1	0	0	0	0
926	K	0	1	0	1	1
927	N	0	1	1	1	0
928	M	0	1	1	0	1
929	X	0	0	0	0	0
930	L	0	1	1	0	0
931	I	0	1	0	0	1
932	O	0	1	1	1	1
933	V	1	0	1	1	0
934	V	1	0	1	1	0
935	R	1	0	0	1	0
936	W	1	0	1	1	1
937	K	0	1	0	1	1
938	N	0	1	1	1	0
939	N	0	1	1	1	0
940	K	0	1	0	1	1
941	W	1	0	1	1	1
942	R	1	0	0	1	0
943	D	0	0	1	0	0
944	I	0	1	0	0	1
945	A	0	0	0	0	1
946	N	0	1	1	1	0
947	K	0	1	0	1	1
948	W	1	0	1	1	1
949	S	1	0	0	1	1
950	G	0	0	1	1	1
951	O	0	1	1	1	1
952	V	1	0	1	1	0
953	I	0	1	0	0	1
954	A	0	0	0	0	1
955	X	0	0	0	0	0
956	L	0	1	1	0	0
957	K	0	1	0	1	1
958	N	0	1	1	1	0
959	N	0	1	1	1	0
960	K	0	1	0	1	1
961	R	1	0	0	1	0
962	V	1	0	1	1	0
963	W	1	0	1	1	1
964	W	1	0	1	1	1
965	R	1	0	0	1	0
966	B	0	0	0	1	0
967	N	0	1	1	1	0
968	M	0	1	1	0	1
969	B	0	0	0	1	0
970	H	0	1	0	0	0
971	K	0	1	0	1	1
972	W	1	0	1	1	1
973	S	1	0	0	1	1
974	G	0	0	1	1	1
975	O	0	1	1	1	1
976	V	1	0	1	1	0
977	I	0	1	0	0	1
978	A	0	0	0	0	1
979	X	0	0	0	0	0
980	L	0	1	1	0	0
981	I	0	1	0	0	1
982	P	1	0	0	0	0
983	K	0	1	0	1	1
984	N	0	1	1	1	0
985	N	0	1	1	1	0
986	K	0	1	0	1	1
987	R	1	0	0	1	0
988	U	1	0	1	0	1
989	L	0	1	1	0	0
990	B	0	0	0	1	0
991	N	0	1	1	1	0
992	V	1	0	1	1	0
993	V	1	0	1	1	0
994	O	0	1	1	1	1
995	W	1	0	1	1	1
996	R	1	0	0	1	0
997	D	0	0	1	0	0
998	I	0	1	0	0	1
999	A	0	0	0	0	1
1000	L	0	1	1	0	0
1001	L	0	1	1	0	0
1002	I	0	1	0	0	1
1003	U	1	0	1	0	1
1004	O	0	1	1	1	1
1005	B	0	0	0	1	0
1006	K	0	1	0	1	1
1007	C	0	0	0	1	1
1008	L	0	1	1	0	0
1009	I	0	1	0	0	1
1010	U	1	0	1	0	1
1011	Q	1	0	0	0	1
1012	F	0	0	1	1	0
1013	R	1	0	0	1	0
1014	V	1	0	1	1	0
1015	K	0	1	0	1	1
1016	C	0	0	0	1	1
1017	L	0	1	1	0	0
1018	I	0	1	0	0	1
1019	Z	1	1	0	0	0
1020	S	1	0	0	1	1
1021	Z	1	1	0	0	0
1022	W	1	0	1	1	1
1023	N	0	1	1	1	0
1024	C	0	0	0	1	1
1025	N	0	1	1	1	0
1026	N	0	1	1	1	0
1027	K	0	1	0	1	1
1028	S	1	0	0	1	1
1029	F	0	0	1	1	0
1030	N	0	1	1	1	0
1031	D	0	0	1	0	0
1032	L	0	1	1	0	0
1033	E	0	0	1	0	1
1034	R	1	0	0	1	0
1035	W	1	0	1	1	1
1036	C	0	0	0	1	1
1037	G	0	0	1	1	1
1038	A	0	0	0	0	1
1039	N	0	1	1	1	0
1040	C	0	0	0	1	1
1041	G	0	0	1	1	1
1042	L	0	1	1	0	0
1043	M	0	1	1	0	1
1044	D	0	0	1	0	0
1045	E	0	0	1	0	1
1046	K	0	1	0	1	1
1047	N	0	1	1	1	0
1048	N	0	1	1	1	0
1049	K	0	1	0	1	1
1050	X	0	0	0	0	0
1051	L	0	1	1	0	0
1052	K	0	1	0	1	1
1053	N	0	1	1	1	0
1054	N	0	1	1	1	0
1055	K	0	1	0	1	1
1056	R	1	0	0	1	0
1057	V	1	0	1	1	0
1058	X	0	0	0	0	0
1059	L	0	1	1	0	0
1060	I	0	1	0	0	1
1061	O	0	1	1	1	1
1062	V	1	0	1	1	0
1063	V	1	0	1	1	0
1064	R	1	0	0	1	0
1065	U	1	0	1	0	1
1066	O	0	1	1	1	1
1067	X	0	0	0	0	0
1068	L	0	1	1	0	0
1069	I	0	1	0	0	1
1070	Q	1	0	0	0	1
1071	H	0	1	0	0	0
1072	O	0	1	1	1	1
1073	U	1	0	1	0	1
1074	A	0	0	0	0	1
1075	F	0	0	1	1	0
1076	C	0	0	0	1	1
1077	L	0	1	1	0	0
1078	B	0	0	0	1	0
1079	N	0	1	1	1	0
1080	H	0	1	0	0	0
1081	O	0	1	1	1	1
1082	V	1	0	1	1	0
1083	V	1	0	1	1	0
1084	R	1	0	0	1	0
1085	V	1	0	1	1	0
1086	K	0	1	0	1	1
1087	C	0	0	0	1	1
1088	L	0	1	1	0	0
1089	I	0	1	0	0	1
1090	V	1	0	1	1	0
1091	I	0	1	0	0	1
1092	A	0	0	0	0	1
1093	Q	1	0	0	0	1
1094	F	0	0	1	1	0
1095	T	1	0	1	0	0
1096	F	0	0	1	1	0
1097	S	1	0	0	1	1
1098	Z	1	1	0	0	0
1099	W	1	0	1	1	1
1100	N	0	1	1	1	0
1101	C	0	0	0	1	1
1102	N	0	1	1	1	0
1103	N	0	1	1	1	0
1104	K	0	1	0	1	1
1105	R	1	0	0	1	0
1106	V	1	0	1	1	0
1107	U	1	0	1	0	1
1108	O	0	1	1	1	1
1109	D	0	0	1	0	0
1110	L	0	1	1	0	0
1111	M	0	1	1	0	1
1112	D	0	0	1	0	0
1113	E	0	0	1	0	1
1114	K	0	1	0	1	1
1115	N	0	1	1	1	0
1116	N	0	1	1	1	0
1117	K	0	1	0	1	1
1118	V	1	0	1	1	0
1119	K	0	1	0	1	1
1120	C	0	0	0	1	1
1121	S	1	0	0	1	1
1122	G	0	0	1	1	1
1123	O	0	1	1	1	1
1124	Z	1	1	0	0	0
1125	Q	1	0	0	0	1
1126	V	1	0	1	1	0
1127	O	0	1	1	1	1
1128	V	1	0	1	1	0
1129	I	0	1	0	0	1
1130	A	0	0	0	0	1
1131	N	0	1	1	1	0
1132	K	0	1	0	1	1
1133	W	1	0	1	1	1
1134	S	1	0	0	1	1
1135	G	0	0	1	1	1
1136	Q	1	0	0	0	1
1137	W	1	0	1	1	1
1138	Z	1	1	0	0	0
1139	W	1	0	1	1	1
1140	N	0	1	1	1	0
1141	C	0	0	0	1	1
1142	N	0	1	1	1	0
1143	N	0	1	1	1	0
1144	K	0	1	0	1	1
1145	R	1	0	0	1	0
1146	W	1	0	1	1	1
1147	X	0	0	0	0	0
1148	L	0	1	1	0	0
1149	I	0	1	0	0	1
1150	P	1	0	0	0	0
1151	K	0	1	0	1	1
1152	N	0	1	1	1	0
1153	N	0	1	1	1	0
1154	K	0	1	0	1	1
1155	S	1	0	0	1	1
1156	F	0	0	1	1	0
1157	N	0	1	1	1	0
1158	D	0	0	1	0	0
1159	L	0	1	1	0	0
1160	E	0	0	1	0	1
1161	R	1	0	0	1	0
1162	W	1	0	1	1	1
1163	C	0	0	0	1	1
1164	G	0	0	1	1	1
1165	A	0	0	0	0	1
1166	N	0	1	1	1	0
1167	C	0	0	0	1	1
1168	G	0	0	1	1	1
1169	L	0	1	1	0	0
1170	L	0	1	1	0	0
1171	E	0	0	1	0	1
1172	B	0	0	0	1	0
1173	N	0	1	1	1	0
1174	H	0	1	0	0	0
1175	O	0	1	1	1	1
1176	W	1	0	1	1	1
1177	N	0	1	1	1	0
1178	C	0	0	0	1	1
1179	N	0	1	1	1	0
1180	M	0	1	1	0	1
1181	B	0	0	0	1	0
1182	N	0	1	1	1	0
1183	Z	1	1	0	0	0
1184	S	1	0	0	1	1
1185	E	0	0	1	0	1
1186	T	1	0	1	0	0
1187	X	0	0	0	0	0
1188	L	0	1	1	0	0
1189	I	0	1	0	0	1
1190	Q	1	0	0	0	1
1191	H	0	1	0	0	0
1192	P	1	0	0	0	0
1193	K	0	1	0	1	1
1194	N	0	1	1	1	0
1195	N	0	1	1	1	0
1196	J	0	1	0	1	0
1197	G	0	0	1	1	1
1198	A	0	0	0	0	1
1199	L	0	1	1	0	0
1200	M	0	1	1	0	1
1201	D	0	0	1	0	0
1202	E	0	0	1	0	1
1203	K	0	1	0	1	1
1204	N	0	1	1	1	0
1205	N	0	1	1	1	0
1206	K	0	1	0	1	1
1207	R	1	0	0	1	0
1208	V	1	0	1	1	0
1209	X	0	0	0	0	0
1210	N	0	1	1	1	0
1211	K	0	1	0	1	1
1212	R	1	0	0	1	0
1213	V	1	0	1	1	0
1214	V	1	0	1	1	0
1215	O	0	1	1	1	1
1216	U	1	0	1	0	1
1217	J	0	1	0	1	0
1218	G	0	0	1	1	1
1219	X	0	0	0	0	0
1220	L	0	1	1	0	0
1221	I	0	1	0	0	1
1222	Q	1	0	0	0	1
1223	G	0	0	1	1	1
1224	L	0	1	1	0	0
1225	B	0	0	0	1	0
1226	N	0	1	1	1	0
1227	H	0	1	0	0	0
1228	O	0	1	1	1	1
1229	U	1	0	1	0	1
1230	A	0	0	0	0	1
1231	F	0	0	1	1	0
1232	C	0	0	0	1	1
1233	N	0	1	1	1	0
1234	H	0	1	0	0	0
1235	O	0	1	1	1	1
1236	V	1	0	1	1	0
1237	V	1	0	1	1	0
1238	R	1	0	0	1	0
1239	V	1	0	1	1	0
1240	X	0	0	0	0	0
1241	L	0	1	1	0	0
1242	K	0	1	0	1	1
1243	N	0	1	1	1	0
1244	N	0	1	1	1	0
1245	K	0	1	0	1	1
1246	S	1	0	0	1	1
1247	F	0	0	1	1	0
1248	N	0	1	1	1	0
1249	D	0	0	1	0	0
1250	L	0	1	1	0	0
1251	E	0	0	1	0	1
1252	R	1	0	0	1	0
1253	W	1	0	1	1	1
1254	C	0	0	0	1	1
1255	G	0	0	1	1	1
1256	A	0	0	0	0	1
1257	L	0	1	1	0	0
1258	E	0	0	1	0	1
1259	R	1	0	0	1	0
1260	V	1	0	1	1	0
1261	V	1	0	1	1	0
1262	O	0	1	1	1	1
1263	U	1	0	1	0	1
1264	I	0	1	0	0	1
1265	L	0	1	1	0	0
1266	L	0	1	1	0	0
1267	I	0	1	0	0	1
1268	U	1	0	1	0	1
1269	O	0	1	1	1	1
1270	B	0	0	0	1	0
1271	J	0	1	0	1	0
1272	Z	1	1	0	0	0
1273	S	1	0	0	1	1
1274	Z	1	1	0	0	0
1275	W	1	0	1	1	1
1276	N	0	1	1	1	0
1277	C	0	0	0	1	1
1278	N	0	1	1	1	0
1279	N	0	1	1	1	0
1280	K	0	1	0	1	1
1281	S	1	0	0	1	1
1282	E	0	0	1	0	1
1283	R	1	0	0	1	0
1284	V	1	0	1	1	0
1285	V	1	0	1	1	0
1286	O	0	1	1	1	1
1287	V	1	0	1	1	0
1288	K	0	1	0	1	1
1289	C	0	0	0	1	1
1290	S	1	0	0	1	1
1291	G	0	0	1	1	1
1292	O	0	1	1	1	1
1293	V	1	0	1	1	0
1294	I	0	1	0	0	1
1295	A	0	0	0	0	1
1296	N	0	1	1	1	0
1297	K	0	1	0	1	1
1298	W	1	0	1	1	1
1299	S	1	0	0	1	1
1300	G	0	0	1	1	1
1301	O	0	1	1	1	1
1302	V	1	0	1	1	0
1303	I	0	1	0	0	1
1304	A	0	0	0	0	1
1305	L	0	1	1	0	0
1306	L	0	1	1	0	0
1307	I	0	1	0	0	1
1308	V	1	0	1	1	0
1309	K	0	1	0	1	1
1310	C	0	0	0	1	1
1311	L	0	1	1	0	0
1312	J	0	1	0	1	0
1313	F	0	0	1	1	0
1314	C	0	0	0	1	1
1315	N	0	1	1	1	0
1316	N	0	1	1	1	0
1317	D	0	0	1	0	0
1318	M	0	1	1	0	1
1319	B	0	0	0	1	0
1320	H	0	1	0	0	0
1321	K	0	1	0	1	1
1322	W	1	0	1	1	1
1323	S	1	0	0	1	1
1324	G	0	0	1	1	1
1325	P	1	0	0	0	0
1326	X	0	0	0	0	0
1327	L	0	1	1	0	0
1328	I	0	1	0	0	1
1329	Q	1	0	0	0	1
1330	G	0	0	1	1	1
1331	L	0	1	1	0	0
1332	A	0	0	0	0	1
1333	F	0	0	1	1	0
1334	N	0	1	1	1	0
1335	N	0	1	1	1	0
1336	H	0	1	0	0	0
1337	D	0	0	1	0	0
1338	L	0	1	1	0	0
1339	E	0	0	1	0	1
1340	R	1	0	0	1	0
1341	U	1	0	1	0	1
1342	L	0	1	1	0	0
1343	X	0	0	0	0	0
1344	L	0	1	1	0	0
1345	I	0	1	0	0	1
1346	Q	1	0	0	0	1
1347	H	0	1	0	0	0
1348	O	0	1	1	1	1
1349	W	1	0	1	1	1
1350	N	0	1	1	1	0
1351	C	0	0	0	1	1
1352	M	0	1	1	0	1
1353	C	0	0	0	1	1
1354	N	0	1	1	1	0
1355	M	0	1	1	0	1
1356	B	0	0	0	1	0
1357	N	0	1	1	1	0
1358	W	1	0	1	1	1
1359	C	0	0	0	1	1
1360	G	0	0	1	1	1
1361	A	0	0	0	0	1
1362	L	0	1	1	0	0
1363	E	0	0	1	0	1
1364	R	1	0	0	1	0
1365	U	1	0	1	0	1
1366	X	0	0	0	0	0
1367	L	0	1	1	0	0
1368	J	0	1	0	1	0
1369	F	0	0	1	1	0
1370	C	0	0	0	1	1
1371	N	0	1	1	1	0
1372	M	0	1	1	0	1
1373	B	0	0	0	1	0
1374	H	0	1	0	0	0
1375	K	0	1	0	1	1
1376	R	1	0	0	1	0
1377	V	1	0	1	1	0
1378	W	1	0	1	1	1
1379	X	0	0	0	0	0
1380	L	0	1	1	0	0
1381	I	0	1	0	0	1
1382	O	0	1	1	1	1
1383	V	1	0	1	1	0
1384	V	1	0	1	1	0
1385	T	1	0	1	0	0
1386	E	0	0	1	0	1
1387	X	0	0	0	0	0
1388	L	0	1	1	0	0
1389	I	0	1	0	0	1
1390	O	0	1	1	1	1
1391	V	1	0	1	1	0
1392	U	1	0	1	0	1
1393	U	1	0	1	0	1
1394	Q	1	0	0	0	1
1395	S	1	0	0	1	1
1396	N	0	1	1	1	0
1397	W	1	0	1	1	1
1398	C	0	0	0	1	1
1399	G	0	0	1	1	1
1400	A	0	0	0	0	1
1401	N	0	1	1	1	0
1402	D	0	0	1	0	0
1403	L	0	1	1	0	0
1404	E	0	0	1	0	1
1405	R	1	0	0	1	0
1406	V	1	0	1	1	0
1407	V	1	0	1	1	0
1408	O	0	1	1	1	1
1409	V	1	0	1	1	0
1410	I	0	1	0	0	1
1411	A	0	0	0	0	1
1412	N	0	1	1	1	0
1413	K	0	1	0	1	1
1414	W	1	0	1	1	1
1415	R	1	0	0	1	0
1416	D	0	0	1	0	0
1417	I	0	1	0	0	1
1418	A	0	0	0	0	1
1419	L	0	1	1	0	0
1420	L	0	1	1	0	0
1421	I	0	1	0	0	1
1422	U	1	0	1	0	1
1423	O	0	1	1	1	1
1424	A	0	0	0	0	1
1425	Q	1	0	0	0	1
1426	F	0	0	1	1	0
1427	S	1	0	0	1	1
1428	Z	1	1	0	0	0
1429	Z	1	1	0	0	0
1430	Q	1	0	0	0	1
1431	G	0	0	1	1	1
1432	L	0	1	1	0	0
1433	A	0	0	0	0	1
1434	F	0	0	1	1	0
1435	M	0	1	1	0	1
1436	D	0	0	1	0	0
1437	E	0	0	1	0	1
1438	I	0	1	0	0	1
1439	O	0	1	1	1	1
1440	V	1	0	1	1	0
1441	U	1	0	1	0	1
1442	U	1	0	1	0	1
1443	Q	1	0	0	0	1
1444	S	1	0	0	1	1
1445	M	0	1	1	0	1
1446	R	1	0	0	1	0
1447	O	0	1	1	1	1
1448	C	0	0	0	1	1
1449	Q	1	0	0	0	1
1450	S	1	0	0	1	1
1451	N	0	1	1	1	0
1452	V	1	0	1	1	0
1453	W	1	0	1	1	1
1454	Z	1	1	0	0	0
1455	Z	1	1	0	0	0
1456	X	0	0	0	0	0
1457	L	0	1	1	0	0
1458	I	0	1	0	0	1
1459	O	0	1	1	1	1
1460	U	1	0	1	0	1
1461	A	0	0	0	0	1
1462	F	0	0	1	1	0
1463	C	0	0	0	1	1
1464	N	0	1	1	1	0
1465	H	0	1	0	0	0
1466	O	0	1	1	1	1
1467	V	1	0	1	1	0
1468	V	1	0	1	1	0
1469	R	1	0	0	1	0
1470	V	1	0	1	1	0
1471	K	0	1	0	1	1
1472	C	0	0	0	1	1
1473	L	0	1	1	0	0
1474	I	0	1	0	0	1
1475	Z	1	1	0	0	0
1476	R	1	0	0	1	0
1477	W	1	0	1	1	1
1478	J	0	1	0	1	0
1479	F	0	0	1	1	0
1480	C	0	0	0	1	1
1481	N	0	1	1	1	0
1482	N	0	1	1	1	0
1483	D	0	0	1	0	0
1484	M	0	1	1	0	1
1485	B	0	0	0	1	0
1486	H	0	1	0	0	0
1487	K	0	1	0	1	1
1488	W	1	0	1	1	1
1489	S	1	0	0	1	1
1490	G	0	0	1	1	1
1491	Q	1	0	0	0	1
1492	Z	1	1	0	0	0
1493	W	1	0	1	1	1
1494	C	0	0	0	1	1
1495	G	0	0	1	1	1
1496	B	0	0	0	1	0
1497	H	0	1	0	0	0
1498	D	0	0	1	0	0
1499	W	1	0	1	1	1
1500	C	0	0	0	1	1
1501	X	0	0	0	0	0
1502	L	0	1	1	0	0
1503	K	0	1	0	1	1
1504	N	0	1	1	1	0
1505	N	0	1	1	1	0
1506	J	0	1	0	1	0
1507	G	0	0	1	1	1
1508	A	0	0	0	0	1
1509	N	0	1	1	1	0
1510	H	0	1	0	0	0
1511	D	0	0	1	0	0
1512	L	0	1	1	0	0
1513	E	0	0	1	0	1
1514	R	1	0	0	1	0
1515	U	1	0	1	0	1
1516	L	0	1	1	0	0
1517	A	0	0	0	0	1
1518	N	0	1	1	1	0
1519	K	0	1	0	1	1
1520	R	1	0	0	1	0
1521	V	1	0	1	1	0
1522	W	1	0	1	1	1
1523	W	1	0	1	1	1
1524	S	1	0	0	1	1
1525	Q	1	0	0	0	1
1526	X	0	0	0	0	0
1527	M	0	1	1	0	1
1528	D	0	0	1	0	0
1529	L	0	1	1	0	0
1530	U	1	0	1	0	1
1531	A	0	0	0	0	1
1532	F	0	0	1	1	0
1533	C	0	0	0	1	1
1534	L	0	1	1	0	0
1535	A	0	0	0	0	1
1536	E	0	0	1	0	1
1537	B	0	0	0	1	0
1538	N	0	1	1	1	0
1539	G	0	0	1	1	1
1540	L	0	1	1	0	0
1541	A	0	0	0	0	1
1542	F	0	0	1	1	0
1543	N	0	1	1	1	0
1544	L	0	1	1	0	0
1545	M	0	1	1	0	1
1546	D	0	0	1	0	0
1547	E	0	0	1	0	1
1548	K	0	1	0	1	1
1549	N	0	1	1	1	0
1550	M	0	1	1	0	1
1551	B	0	0	0	1	0
1552	M	0	1	1	0	1
1553	R	1	0	0	1	0
1554	O	0	1	1	1	1
1555	D	0	0	1	0	0
1556	L	0	1	1	0	0
1557	L	0	1	1	0	0
1558	B	0	0	0	1	0
1559	N	0	1	1	1	0
1560	M	0	1	1	0	1
1561	B	0	0	0	1	0
1562	H	0	1	0	0	0
1563	I	0	1	0	0	1
1564	L	0	1	1	0	0
1565	L	0	1	1	0	0
1566	I	0	1	0	0	1
1567	V	1	0	1	1	0
1568	I	0	1	0	0	1
1569	X	0	0	0	0	0
1570	L	0	1	1	0	0
1571	I	0	1	0	0	1
1572	Q	1	0	0	0	1
1573	G	0	0	1	1	1
1574	L	0	1	1	0	0
1575	X	0	0	0	0	0
1576	N	0	1	1	1	0
1577	J	0	1	0	1	0
1578	G	0	0	1	1	1
1579	A	0	0	0	0	1
1580	N	0	1	1	1	0
1581	H	0	1	0	0	0
1582	D	0	0	1	0	0
1583	L	0	1	1	0	0
1584	E	0	0	1	0	1
1585	R	1	0	0	1	0
1586	W	1	0	1	1	1
1587	C	0	0	0	1	1
1588	G	0	0	1	1	1
1589	A	0	0	0	0	1
1590	L	0	1	1	0	0
1591	E	0	0	1	0	1
1592	R	1	0	0	1	0
1593	V	1	0	1	1	0
1594	V	1	0	1	1	0
1595	O	0	1	1	1	1
1596	V	1	0	1	1	0
1597	K	0	1	0	1	1
1598	D	0	0	1	0	0
1599	I	0	1	0	0	1
1600	A	0	0	0	0	1
1601	L	0	1	1	0	0
1602	L	0	1	1	0	0
1603	I	0	1	0	0	1
1604	U	1	0	1	0	1
1605	Q	1	0	0	0	1
1606	F	0	0	1	1	0
1607	S	1	0	0	1	1
1608	Z	1	1	0	0	0
1609	Z	1	1	0	0	0
1610	Q	1	0	0	0	1
1611	G	0	0	1	1	1
1612	L	0	1	1	0	0
1613	B	0	0	0	1	0
1614	N	0	1	1	1	0
1615	H	0	1	0	0	0
1616	O	0	1	1	1	1
1617	V	1	0	1	1	0
1618	W	1	0	1	1	1
1619	S	1	0	0	1	1
1620	Q	1	0	0	0	1
1621	N	0	1	1	1	0
1622	D	0	0	1	0	0
1623	L	0	1	1	0	0
1624	U	1	0	1	0	1
1625	A	0	0	0	0	1
1626	F	0	0	1	1	0
1627	C	0	0	0	1	1
1628	N	0	1	1	1	0
1629	H	0	1	0	0	0
1630	O	0	1	1	1	1
1631	W	1	0	1	1	1
1632	N	0	1	1	1	0
1633	C	0	0	0	1	1
1634	L	0	1	1	0	0
1635	I	0	1	0	0	1
1636	Q	1	0	0	0	1
1637	G	0	0	1	1	1
1638	L	0	1	1	0	0
1639	A	0	0	0	0	1
1640	F	0	0	1	1	0
1641	M	0	1	1	0	1
1642	D	0	0	1	0	0
1643	E	0	0	1	0	1
1644	K	0	1	0	1	1
1645	N	0	1	1	1	0
1646	N	0	1	1	1	0
1647	K	0	1	0	1	1
1648	R	1	0	0	1	0
1649	V	1	0	1	1	0
1650	U	1	0	1	0	1
1651	Q	1	0	0	0	1
1652	S	1	0	0	1	1
1653	N	0	1	1	1	0
1654	U	1	0	1	0	1
1655	L	0	1	1	0	0
1656	A	0	0	0	0	1
1657	N	0	1	1	1	0
1658	K	0	1	0	1	1
1659	S	1	0	0	1	1
1660	F	0	0	1	1	0
1661	N	0	1	1	1	0
1662	D	0	0	1	0	0
1663	L	0	1	1	0	0
1664	F	0	0	1	1	0
1665	N	0	1	1	1	0
1666	C	0	0	0	1	1
1667	G	0	0	1	1	1
1668	L	0	1	1	0	0
1669	L	0	1	1	0	0
1670	E	0	0	1	0	1
1671	A	0	0	0	0	1
1672	E	0	0	1	0	1
1673	B	0	0	0	1	0
1674	N	0	1	1	1	0
1675	H	0	1	0	0	0
1676	O	0	1	1	1	1
1677	W	1	0	1	1	1
1678	N	0	1	1	1	0
1679	C	0	0	0	1	1
1680	L	0	1	1	0	0
1681	I	0	1	0	0	1
1682	O	0	1	1	1	1
1683	V	1	0	1	1	0
1684	V	1	0	1	1	0
1685	R	1	0	0	1	0
1686	W	1	0	1	1	1
1687	K	0	1	0	1	1
1688	N	0	1	1	1	0
1689	M	0	1	1	0	1
1690	B	0	0	0	1	0
1691	K	0	1	0	1	1
1692	C	0	0	0	1	1
1693	S	1	0	0	1	1
1694	G	0	0	1	1	1
1695	O	0	1	1	1	1
1696	V	1	0	1	1	0
1697	I	0	1	0	0	1
1698	A	0	0	0	0	1
1699	L	0	1	1	0	0
1700	M	0	1	1	0	1
1701	D	0	0	1	0	0
1702	I	0	1	0	0	1
1703	B	0	0	0	1	0
1704	I	0	1	0	0	1
1705	B	0	0	0	1	0
1706	J	0	1	0	1	0
1707	U	1	0	1	0	1
1708	O	0	1	1	1	1
1709	A	0	0	0	0	1
1710	Q	1	0	0	0	1
1711	F	0	0	1	1	0
1712	R	1	0	0	1	0
1713	V	1	0	1	1	0
1714	K	0	1	0	1	1
1715	C	0	0	0	1	1
1716	L	0	1	1	0	0
1717	J	0	1	0	1	0
1718	F	0	0	1	1	0
1719	C	0	0	0	1	1
1720	N	0	1	1	1	0
1721	X	0	0	0	0	0
1722	M	0	1	1	0	1
1723	B	0	0	0	1	0
1724	N	0	1	1	1	0
1725	V	1	0	1	1	0
1726	V	1	0	1	1	0
1727	O	0	1	1	1	1
1728	V	1	0	1	1	0
1729	X	0	0	0	0	0
1730	L	0	1	1	0	0
1731	K	0	1	0	1	1
1732	N	0	1	1	1	0
1733	N	0	1	1	1	0
1734	K	0	1	0	1	1
1735	R	1	0	0	1	0
1736	V	1	0	1	1	0
1737	V	1	0	1	1	0
1738	O	0	1	1	1	1
1739	W	1	0	1	1	1
1740	S	1	0	0	1	1
1741	G	0	0	1	1	1
1742	O	0	1	1	1	1
1743	U	1	0	1	0	1
1744	I	0	1	0	0	1
1745	L	0	1	1	0	0
1746	L	0	1	1	0	0
1747	J	0	1	0	1	0
1748	F	0	0	1	1	0
1749	C	0	0	0	1	1
1750	N	0	1	1	1	0
1751	N	0	1	1	1	0
1752	D	0	0	1	0	0
1753	M	0	1	1	0	1
1754	B	0	0	0	1	0
1755	H	0	1	0	0	0
1756	X	0	0	0	0	0
1757	L	0	1	1	0	0
1758	I	0	1	0	0	1
1759	P	1	0	0	0	0
1760	K	0	1	0	1	1
1761	N	0	1	1	1	0
1762	N	0	1	1	1	0
1763	K	0	1	0	1	1
1764	S	1	0	0	1	1
1765	F	0	0	1	1	0
1766	N	0	1	1	1	0
1767	D	0	0	1	0	0
1768	L	0	1	1	0	0
1769	E	0	0	1	0	1
1770	R	1	0	0	1	0
1771	W	1	0	1	1	1
1772	C	0	0	0	1	1
1773	G	0	0	1	1	1
1774	B	0	0	0	1	0
1775	G	0	0	1	1	1
1776	A	0	0	0	0	1
1777	N	0	1	1	1	0
1778	C	0	0	0	1	1
1779	G	0	0	1	1	1
1780	L	0	1	1	0	0
1781	L	0	1	1	0	0
1782	E	0	0	1	0	1
1783	B	0	0	0	1	0
1784	N	0	1	1	1	0
1785	H	0	1	0	0	0
1786	O	0	1	1	1	1
1787	U	1	0	1	0	1
1788	A	0	0	0	0	1
1789	F	0	0	1	1	0
1790	C	0	0	0	1	1
1791	N	0	1	1	1	0
1792	H	0	1	0	0	0
1793	O	0	1	1	1	1
1794	V	1	0	1	1	0
1795	V	1	0	1	1	0
1796	R	1	0	0	1	0
1797	W	1	0	1	1	1
1798	K	0	1	0	1	1
1799	N	0	1	1	1	0
1800	N	0	1	1	1	0
1801	K	0	1	0	1	1
1802	W	1	0	1	1	1
1803	S	1	0	0	1	1
1804	G	0	0	1	1	1
1805	O	0	1	1	1	1
1806	V	1	0	1	1	0
1807	I	0	1	0	0	1
1808	A	0	0	0	0	1
1809	N	0	1	1	1	0
1810	K	0	1	0	1	1
1811	W	1	0	1	1	1
1812	R	1	0	0	1	0
1813	D	0	0	1	0	0
1814	I	0	1	0	0	1
1815	A	0	0	0	0	1
1816	N	0	1	1	1	0
1817	K	0	1	0	1	1
1818	W	1	0	1	1	1
1819	S	1	0	0	1	1
1820	G	0	0	1	1	1
1821	Q	1	0	0	0	1
1822	Z	1	1	0	0	0
1823	U	1	0	1	0	1
1824	L	0	1	1	0	0
1825	A	0	0	0	0	1
1826	N	0	1	1	1	0
1827	K	0	1	0	1	1
1828	S	1	0	0	1	1
1829	E	0	0	1	0	1
1830	R	1	0	0	1	0
1831	U	1	0	1	0	1
1832	L	0	1	1	0	0
1833	A	0	0	0	0	1
1834	N	0	1	1	1	0
1835	K	0	1	0	1	1
1836	S	1	0	0	1	1
1837	E	0	0	1	0	1
1838	R	1	0	0	1	0
1839	U	1	0	1	0	1
1840	L	0	1	1	0	0
1841	A	0	0	0	0	1
1842	N	0	1	1	1	0
1843	K	0	1	0	1	1
1844	S	1	0	0	1	1
1845	F	0	0	1	1	0
1846	N	0	1	1	1	0
1847	D	0	0	1	0	0
1848	L	0	1	1	0	0
1849	X	0	0	0	0	0
1850	N	0	1	1	1	0
1851	K	0	1	0	1	1
1852	S	1	0	0	1	1
1853	F	0	0	1	1	0
1854	N	0	1	1	1	0
1855	C	0	0	0	1	1
1856	G	0	0	1	1	1
1857	M	0	1	1	0	1
1858	B	0	0	0	1	0
1859	H	0	1	0	0	0
1860	I	0	1	0	0	1
1861	L	0	1	1	0	0
1862	L	0	1	1	0	0
1863	I	0	1	0	0	1
1864	O	0	1	1	1	1
1865	W	1	0	1	1	1
1866	N	0	1	1	1	0
1867	C	0	0	0	1	1
1868	L	0	1	1	0	0
1869	I	0	1	0	0	1
1870	Q	1	0	0	0	1
1871	H	0	1	0	0	0
1872	O	0	1	1	1	1
1873	W	1	0	1	1	1
1874	N	0	1	1	1	0
1875	C	0	0	0	1	1
1876	L	0	1	1	0	0
1877	I	0	1	0	0	1
1878	Q	1	0	0	0	1
1879	H	0	1	0	0	0
1880	O	0	1	1	1	1
1881	W	1	0	1	1	1
1882	N	0	1	1	1	0
1883	C	0	0	0	1	1
1884	L	0	1	1	0	0
1885	I	0	1	0	0	1
1886	Q	1	0	0	0	1
1887	G	0	0	1	1	1
1888	L	0	1	1	0	0
1889	X	0	0	0	0	0
1890	L	0	1	1	0	0
1891	J	0	1	0	1	0
1892	F	0	0	1	1	0
1893	C	0	0	0	1	1
1894	L	0	1	1	0	0
1895	E	0	0	1	0	1
1896	B	0	0	0	1	0
1897	N	0	1	1	1	0
1898	H	0	1	0	0	0
1899	O	0	1	1	1	1
1900	V	1	0	1	1	0
1901	V	1	0	1	1	0
1902	R	1	0	0	1	0
1903	V	1	0	1	1	0
1904	I	0	1	0	0	1
1905	A	0	0	0	0	1
1906	Q	1	0	0	0	1
1907	F	0	0	1	1	0
1908	R	1	0	0	1	0
1909	V	1	0	1	1	0
1910	K	0	1	0	1	1
1911	C	0	0	0	1	1
1912	N	0	1	1	1	0
1913	N	0	1	1	1	0
1914	K	0	1	0	1	1
1915	Z	1	1	0	0	0
1916	Q	1	0	0	0	1
1917	U	1	0	1	0	1
1918	O	0	1	1	1	1
1919	X	0	0	0	0	0
1920	L	0	1	1	0	0
1921	K	0	1	0	1	1
1922	N	0	1	1	1	0
1923	N	0	1	1	1	0
1924	K	0	1	0	1	1
1925	R	1	0	0	1	0
1926	V	1	0	1	1	0
1927	V	1	0	1	1	0
1928	O	0	1	1	1	1
1929	V	1	0	1	1	0
1930	X	0	0	0	0	0
1931	L	0	1	1	0	0
1932	J	0	1	0	1	0
1933	F	0	0	1	1	0
1934	C	0	0	0	1	1
1935	N	0	1	1	1	0
1936	N	0	1	1	1	0
1937	H	0	1	0	0	0
1938	D	0	0	1	0	0
1939	L	0	1	1	0	0
1940	E	0	0	1	0	1
1941	R	1	0	0	1	0
1942	V	1	0	1	1	0
1943	V	1	0	1	1	0
1944	O	0	1	1	1	1
1945	V	1	0	1	1	0
1946	X	0	0	0	0	0
1947	L	0	1	1	0	0
1948	I	0	1	0	0	1
1949	O	0	1	1	1	1
1950	X	0	0	0	0	0
1951	N	0	1	1	1	0
1952	K	0	1	0	1	1
1953	R	1	0	0	1	0
1954	V	1	0	1	1	0
1955	V	1	0	1	1	0
1956	O	0	1	1	1	1
1957	U	1	0	1	0	1
1958	J	0	1	0	1	0
1959	G	0	0	1	1	1
1960	A	0	0	0	0	1
1961	X	0	0	0	0	0
1962	N	0	1	1	1	0
1963	K	0	1	0	1	1
1964	R	1	0	0	1	0
1965	V	1	0	1	1	0
1966	V	1	0	1	1	0
1967	O	0	1	1	1	1
1968	U	1	0	1	0	1
1969	I	0	1	0	0	1
1970	L	0	1	1	0	0
1971	L	0	1	1	0	0
1972	J	0	1	0	1	0
1973	F	0	0	1	1	0
1974	C	0	0	0	1	1
1975	L	0	1	1	0	0
1976	A	0	0	0	0	1
1977	S	1	0	0	1	1
1978	Q	1	0	0	0	1
1979	L	0	1	1	0	0
1980	V	1	0	1	1	0
1981	V	1	0	1	1	0
1982	X	0	0	0	0	0
1983	L	0	1	1	0	0
1984	I	0	1	0	0	1
1985	O	0	1	1	1	1
1986	V	1	0	1	1	0
1987	V	1	0	1	1	0
1988	R	1	0	0	1	0
