Point	Label	1	2	3	4	5
1	L	0	1	1	0	0
2	I	0	1	0	0	1
3	Q	1	0	0	0	1
4	G	0	0	1	1	1
5	M	0	1	1	0	1
6	D	0	0	1	0	0
7	F	0	0	1	1	0
8	C	0	0	0	1	1
9	N	0	1	1	1	0
10	G	0	0	1	1	1
11	M	0	1	1	0	1
12	L	0	1	1	0	0
13	A	0	0	0	0	1
14	F	0	0	1	1	0
15	N	0	1	1	1	0
16	N	0	1	1	1	0
17	H	0	1	0	0	0
18	D	0	0	1	0	0
19	M	0	1	1	0	1
20	B	0	0	0	1	0
21	H	0	1	0	0	0
22	D	0	0	1	0	0
23	V	1	0	1	1	0
24	Z	1	1	0	0	0
25	S	1	0	0	1	1
26	F	0	0	1	1	0
27	N	0	1	1	1	0
28	C	0	0	0	1	1
29	G	0	0	1	1	1
30	L	0	1	1	0	0
31	L	0	1	1	0	0
32	M	0	1	1	0	1
33	D	0	0	1	0	0
34	F	0	0	1	1	0
35	D	0	0	1	0	0
36	E	0	0	1	0	1
37	K	0	1	0	1	1
38	N	0	1	1	1	0
39	N	0	1	1	1	0
40	K	0	1	0	1	1
41	T	1	0	1	0	0
42	I	0	1	0	0	1
43	L	0	1	1	0	0
44	N	0	1	1	1	0
45	N	0	1	1	1	0
46	N	0	1	1	1	0
47	K	0	1	0	1	1
48	S	1	0	0	1	1
49	E	0	0	1	0	1
50	T	1	0	1	0	0
51	I	0	1	0	0	1
52	L	0	1	1	0	0
53	L	0	1	1	0	0
54	J	0	1	0	1	0
55	F	0	0	1	1	0
56	C	0	0	0	1	1
57	N	0	1	1	1	0
58	M	0	1	1	0	1
59	B	0	0	0	1	0
60	H	0	1	0	0	0
61	I	0	1	0	0	1
62	L	0	1	1	0	0
63	M	0	1	1	0	1
64	D	0	0	1	0	0
65	L	0	1	1	0	0
66	Z	1	1	0	0	0
67	O	0	1	1	1	1
68	V	1	0	1	1	0
69	Z	1	1	0	0	0
70	Q	1	0	0	0	1
71	H	0	1	0	0	0
72	O	0	1	1	1	1
73	U	1	0	1	0	1
74	A	0	0	0	0	1
75	F	0	0	1	1	0
76	C	0	0	0	1	1
77	N	0	1	1	1	0
78	H	0	1	0	0	0
79	O	0	1	1	1	1
80	V	1	0	1	1	0
81	V	1	0	1	1	0
82	X	0	0	0	0	0
83	N	0	1	1	1	0
84	K	0	1	0	1	1
85	T	1	0	1	0	0
86	I	0	1	0	0	1
87	M	0	1	1	0	1
88	B	0	0	0	1	0
89	N	0	1	1	1	0
90	W	1	0	1	1	1
91	C	0	0	0	1	1
92	G	0	0	1	1	1
93	A	0	0	0	0	1
94	L	0	1	1	0	0
95	E	0	0	1	0	1
96	R	1	0	0	1	0
97	V	1	0	1	1	0
98	V	1	0	1	1	0
99	P	1	0	0	0	0
100	H	0	1	0	0	0
101	R	1	0	0	1	0
102	D	0	0	1	0	0
103	J	0	1	0	1	0
104	Z	1	1	0	0	0
105	O	0	1	1	1	1
106	V	1	0	1	1	0
107	I	0	1	0	0	1
108	A	0	0	0	0	1
109	L	0	1	1	0	0
110	M	0	1	1	0	1
111	D	0	0	1	0	0
112	J	0	1	0	1	0
113	U	1	0	1	0	1
114	Q	1	0	0	0	1
115	F	0	0	1	1	0
116	S	1	0	0	1	1
117	Z	1	1	0	0	0
118	W	1	0	1	1	1
119	M	0	1	1	0	1
120	O	0	1	1	1	1
121	R	1	0	0	1	0
122	B	0	0	0	1	0
123	N	0	1	1	1	0
124	M	0	1	1	0	1
125	B	0	0	0	1	0
126	H	0	1	0	0	0
127	I	0	1	0	0	1
128	L	0	1	1	0	0
129	L	0	1	1	0	0
130	I	0	1	0	0	1
131	Z	1	1	0	0	0
132	R	1	0	0	1	0
133	V	1	0	1	1	0
134	I	0	1	0	0	1
135	A	0	0	0	0	1
136	Q	1	0	0	0	1
137	F	0	0	1	1	0
138	R	1	0	0	1	0
139	W	1	0	1	1	1
140	J	0	1	0	1	0
141	F	0	0	1	1	0
142	C	0	0	0	1	1
143	X	0	0	0	0	0
144	L	0	1	1	0	0
145	I	0	1	0	0	1
146	Q	1	0	0	0	1
147	G	0	0	1	1	1
148	M	0	1	1	0	1
149	D	0	0	1	0	0
150	E	0	0	1	0	1
151	B	0	0	0	1	0
152	W	1	0	1	1	1
153	N	0	1	1	1	0
154	C	0	0	0	1	1
155	N	0	1	1	1	0
156	N	0	1	1	1	0
157	K	0	1	0	1	1
158	S	1	0	0	1	1
159	F	0	0	1	1	0
160	N	0	1	1	1	0
161	C	0	0	0	1	1
162	G	0	0	1	1	1
163	M	0	1	1	0	1
164	B	0	0	0	1	0
165	H	0	1	0	0	0
166	I	0	1	0	0	1
167	L	0	1	1	0	0
168	L	0	1	1	0	0
169	J	0	1	0	1	0
170	F	0	0	1	1	0
171	C	0	0	0	1	1
172	N	0	1	1	1	0
173	L	0	1	1	0	0
174	L	0	1	1	0	0
175	L	0	1	1	0	0
176	E	0	0	1	0	1
177	B	0	0	0	1	0
178	N	0	1	1	1	0
179	H	0	1	0	0	0
180	O	0	1	1	1	1
181	V	1	0	1	1	0
182	W	1	0	1	1	1
183	X	0	0	0	0	0
184	N	0	1	1	1	0
185	K	0	1	0	1	1
186	S	1	0	0	1	1
187	F	0	0	1	1	0
188	M	0	1	1	0	1
189	B	0	0	0	1	0
190	H	0	1	0	0	0
191	D	0	0	1	0	0
192	Z	1	1	0	0	0
193	R	1	0	0	1	0
194	R	1	0	0	1	0
195	V	1	0	1	1	0
196	U	1	0	1	0	1
197	Q	1	0	0	0	1
198	S	1	0	0	1	1
199	N	0	1	1	1	0
200	U	1	0	1	0	1
201	L	0	1	1	0	0
202	A	0	0	0	0	1
203	N	0	1	1	1	0
204	K	0	1	0	1	1
205	R	1	0	0	1	0
206	V	1	0	1	1	0
207	V	1	0	1	1	0
208	P	1	0	0	0	0
209	H	0	1	0	0	0
210	R	1	0	0	1	0
211	D	0	0	1	0	0
212	J	0	1	0	1	0
213	Z	1	1	0	0	0
214	X	0	0	0	0	0
215	L	0	1	1	0	0
216	I	0	1	0	0	1
217	K	0	1	0	1	1
218	N	0	1	1	1	0
219	N	0	1	1	1	0
220	K	0	1	0	1	1
221	R	1	0	0	1	0
222	V	1	0	1	1	0
223	V	1	0	1	1	0
224	O	0	1	1	1	1
225	Q	1	0	0	0	1
226	Z	1	1	0	0	0
227	V	1	0	1	1	0
228	V	1	0	1	1	0
229	O	0	1	1	1	1
230	V	1	0	1	1	0
231	I	0	1	0	0	1
232	A	0	0	0	0	1
233	X	0	0	0	0	0
234	L	0	1	1	0	0
235	I	0	1	0	0	1
236	Q	1	0	0	0	1
237	H	0	1	0	0	0
238	O	0	1	1	1	1
239	V	1	0	1	1	0
240	Z	1	1	0	0	0
241	O	0	1	1	1	1
242	V	1	0	1	1	0
243	V	1	0	1	1	0
244	R	1	0	0	1	0
245	Z	1	1	0	0	0
246	T	1	0	1	0	0
247	E	0	0	1	0	1
248	O	0	1	1	1	1
249	B	0	0	0	1	0
250	J	0	1	0	1	0
251	W	1	0	1	1	1
252	K	0	1	0	1	1
253	N	0	1	1	1	0
254	N	0	1	1	1	0
255	J	0	1	0	1	0
256	G	0	0	1	1	1
257	A	0	0	0	0	1
258	L	0	1	1	0	0
259	M	0	1	1	0	1
260	D	0	0	1	0	0
261	E	0	0	1	0	1
262	K	0	1	0	1	1
263	M	0	1	1	0	1
264	D	0	0	1	0	0
265	X	0	0	0	0	0
266	L	0	1	1	0	0
267	I	0	1	0	0	1
268	Q	1	0	0	0	1
269	G	0	0	1	1	1
270	L	0	1	1	0	0
271	A	0	0	0	0	1
272	F	0	0	1	1	0
273	E	0	0	1	0	1
274	B	0	0	0	1	0
275	N	0	1	1	1	0
276	H	0	1	0	0	0
277	O	0	1	1	1	1
278	U	1	0	1	0	1
279	A	0	0	0	0	1
280	F	0	0	1	1	0
281	C	0	0	0	1	1
282	N	0	1	1	1	0
283	H	0	1	0	0	0
284	P	1	0	0	0	0
285	J	0	1	0	1	0
286	F	0	0	1	1	0
287	C	0	0	0	1	1
288	L	0	1	1	0	0
289	N	0	1	1	1	0
290	N	0	1	1	1	0
291	H	0	1	0	0	0
292	D	0	0	1	0	0
293	L	0	1	1	0	0
294	E	0	0	1	0	1
295	T	1	0	1	0	0
296	J	0	1	0	1	0
297	G	0	0	1	1	1
298	A	0	0	0	0	1
299	N	0	1	1	1	0
300	H	0	1	0	0	0
301	D	0	0	1	0	0
302	M	0	1	1	0	1
303	L	0	1	1	0	0
304	E	0	0	1	0	1
305	R	1	0	0	1	0
306	U	1	0	1	0	1
307	L	0	1	1	0	0
308	L	0	1	1	0	0
309	X	0	0	0	0	0
310	N	0	1	1	1	0
311	K	0	1	0	1	1
312	T	1	0	1	0	0
313	I	0	1	0	0	1
314	M	0	1	1	0	1
315	B	0	0	0	1	0
316	N	0	1	1	1	0
317	W	1	0	1	1	1
318	C	0	0	0	1	1
319	G	0	0	1	1	1
320	B	0	0	0	1	0
321	H	0	1	0	0	0
322	D	0	0	1	0	0
323	V	1	0	1	1	0
324	V	1	0	1	1	0
325	O	0	1	1	1	1
326	X	0	0	0	0	0
327	L	0	1	1	0	0
328	I	0	1	0	0	1
329	P	1	0	0	0	0
330	K	0	1	0	1	1
331	N	0	1	1	1	0
332	L	0	1	1	0	0
333	K	0	1	0	1	1
334	N	0	1	1	1	0
335	N	0	1	1	1	0
336	I	0	1	0	0	1
337	L	0	1	1	0	0
338	M	0	1	1	0	1
339	D	0	0	1	0	0
340	L	0	1	1	0	0
341	V	1	0	1	1	0
342	V	1	0	1	1	0
343	T	1	0	1	0	0
344	X	0	0	0	0	0
345	N	0	1	1	1	0
346	I	0	1	0	0	1
347	L	0	1	1	0	0
348	L	0	1	1	0	0
349	I	0	1	0	0	1
350	O	0	1	1	1	1
351	V	1	0	1	1	0
352	Z	1	1	0	0	0
353	Q	1	0	0	0	1
354	O	0	1	1	1	1
355	V	1	0	1	1	0
356	V	1	0	1	1	0
357	R	1	0	0	1	0
358	U	1	0	1	0	1
359	Q	1	0	0	0	1
360	E	0	0	1	0	1
361	O	0	1	1	1	1
362	B	0	0	0	1	0
363	K	0	1	0	1	1
364	C	0	0	0	1	1
365	L	0	1	1	0	0
366	I	0	1	0	0	1
367	Z	1	1	0	0	0
368	Z	1	1	0	0	0
369	S	1	0	0	1	1
370	R	1	0	0	1	0
371	W	1	0	1	1	1
372	J	0	1	0	1	0
373	F	0	0	1	1	0
374	C	0	0	0	1	1
375	N	0	1	1	1	0
376	M	0	1	1	0	1
377	B	0	0	0	1	0
378	H	0	1	0	0	0
379	K	0	1	0	1	1
380	W	1	0	1	1	1
381	S	1	0	0	1	1
382	H	0	1	0	0	0
383	R	1	0	0	1	0
384	D	0	0	1	0	0
385	J	0	1	0	1	0
386	Z	1	1	0	0	0
387	Q	1	0	0	0	1
388	V	1	0	1	1	0
389	P	1	0	0	0	0
390	H	0	1	0	0	0
391	R	1	0	0	1	0
392	D	0	0	1	0	0
393	I	0	1	0	0	1
394	A	0	0	0	0	1
395	M	0	1	1	0	1
396	X	0	0	0	0	0
397	L	0	1	1	0	0
398	I	0	1	0	0	1
399	Q	1	0	0	0	1
400	G	0	0	1	1	1
401	L	0	1	1	0	0
402	A	0	0	0	0	1
403	F	0	0	1	1	0
404	N	0	1	1	1	0
405	N	0	1	1	1	0
406	L	0	1	1	0	0
407	L	0	1	1	0	0
408	E	0	0	1	0	1
409	B	0	0	0	1	0
410	N	0	1	1	1	0
411	G	0	0	1	1	1
412	L	0	1	1	0	0
413	X	0	0	0	0	0
414	M	0	1	1	0	1
415	D	0	0	1	0	0
416	L	0	1	1	0	0
417	U	1	0	1	0	1
418	A	0	0	0	0	1
419	F	0	0	1	1	0
420	C	0	0	0	1	1
421	N	0	1	1	1	0
422	H	0	1	0	0	0
423	O	0	1	1	1	1
424	V	1	0	1	1	0
425	V	1	0	1	1	0
426	R	1	0	0	1	0
427	V	1	0	1	1	0
428	I	0	1	0	0	1
429	A	0	0	0	0	1
430	Q	1	0	0	0	1
431	F	0	0	1	1	0
432	R	1	0	0	1	0
433	V	1	0	1	1	0
434	I	0	1	0	0	1
435	B	0	0	0	1	0
436	I	0	1	0	0	1
437	I	0	1	0	0	1
438	A	0	0	0	0	1
439	P	1	0	0	0	0
440	W	1	0	1	1	1
441	K	0	1	0	1	1
442	N	0	1	1	1	0
443	N	0	1	1	1	0
444	K	0	1	0	1	1
445	V	1	0	1	1	0
446	I	0	1	0	0	1
447	A	0	0	0	0	1
448	L	0	1	1	0	0
449	M	0	1	1	0	1
450	D	0	0	1	0	0
451	I	0	1	0	0	1
452	K	0	1	0	1	1
453	C	0	0	0	1	1
454	L	0	1	1	0	0
455	I	0	1	0	0	1
456	Z	1	1	0	0	0
457	S	1	0	0	1	1
458	W	1	0	1	1	1
459	S	1	0	0	1	1
460	Q	1	0	0	0	1
461	N	0	1	1	1	0
462	C	0	0	0	1	1
463	L	0	1	1	0	0
464	I	0	1	0	0	1
465	Q	1	0	0	0	1
466	G	0	0	1	1	1
467	L	0	1	1	0	0
468	B	0	0	0	1	0
469	N	0	1	1	1	0
470	H	0	1	0	0	0
471	P	1	0	0	0	0
472	J	0	1	0	1	0
473	F	0	0	1	1	0
474	C	0	0	0	1	1
475	N	0	1	1	1	0
476	N	0	1	1	1	0
477	H	0	1	0	0	0
478	D	0	0	1	0	0
479	N	0	1	1	1	0
480	N	0	1	1	1	0
481	D	0	0	1	0	0
482	M	0	1	1	0	1
483	B	0	0	0	1	0
484	H	0	1	0	0	0
485	D	0	0	1	0	0
486	Z	1	1	0	0	0
487	S	1	0	0	1	1
488	F	0	0	1	1	0
489	N	0	1	1	1	0
490	L	0	1	1	0	0
491	E	0	0	1	0	1
492	T	1	0	1	0	0
493	J	0	1	0	1	0
494	G	0	0	1	1	1
495	A	0	0	0	0	1
496	M	0	1	1	0	1
497	B	0	0	0	1	0
498	H	0	1	0	0	0
499	I	0	1	0	0	1
500	L	0	1	1	0	0
501	M	0	1	1	0	1
502	C	0	0	0	1	1
503	N	0	1	1	1	0
504	M	0	1	1	0	1
505	B	0	0	0	1	0
506	N	0	1	1	1	0
507	V	1	0	1	1	0
508	V	1	0	1	1	0
509	P	1	0	0	0	0
510	H	0	1	0	0	0
511	R	1	0	0	1	0
512	D	0	0	1	0	0
513	J	0	1	0	1	0
514	Z	1	1	0	0	0
515	O	0	1	1	1	1
516	V	1	0	1	1	0
517	K	0	1	0	1	1
518	C	0	0	0	1	1
519	T	1	0	1	0	0
520	V	1	0	1	1	0
521	I	0	1	0	0	1
522	A	0	0	0	0	1
523	N	0	1	1	1	0
524	K	0	1	0	1	1
525	Z	1	1	0	0	0
526	Q	1	0	0	0	1
527	O	0	1	1	1	1
528	U	1	0	1	0	1
529	J	0	1	0	1	0
530	G	0	0	1	1	1
531	A	0	0	0	0	1
532	L	0	1	1	0	0
533	M	0	1	1	0	1
534	D	0	0	1	0	0
535	E	0	0	1	0	1
536	X	0	0	0	0	0
537	M	0	1	1	0	1
538	C	0	0	0	1	1
539	N	0	1	1	1	0
540	N	0	1	1	1	0
541	K	0	1	0	1	1
542	R	1	0	0	1	0
543	V	1	0	1	1	0
544	V	1	0	1	1	0
545	O	0	1	1	1	1
546	V	1	0	1	1	0
547	X	0	0	0	0	0
548	L	0	1	1	0	0
549	I	0	1	0	0	1
550	O	0	1	1	1	1
551	V	1	0	1	1	0
552	V	1	0	1	1	0
553	R	1	0	0	1	0
554	W	1	0	1	1	1
555	J	0	1	0	1	0
556	J	0	1	0	1	0
557	X	0	0	0	0	0
558	L	0	1	1	0	0
559	I	0	1	0	0	1
560	Q	1	0	0	0	1
561	G	0	0	1	1	1
562	L	0	1	1	0	0
563	A	0	0	0	0	1
564	F	0	0	1	1	0
565	N	0	1	1	1	0
566	M	0	1	1	0	1
567	B	0	0	0	1	0
568	H	0	1	0	0	0
569	I	0	1	0	0	1
570	L	0	1	1	0	0
571	L	0	1	1	0	0
572	L	0	1	1	0	0
573	X	0	0	0	0	0
574	N	0	1	1	1	0
575	K	0	1	0	1	1
576	T	1	0	1	0	0
577	I	0	1	0	0	1
578	M	0	1	1	0	1
579	B	0	0	0	1	0
580	N	0	1	1	1	0
581	Z	1	1	0	0	0
582	S	1	0	0	1	1
583	F	0	0	1	1	0
584	N	0	1	1	1	0
585	C	0	0	0	1	1
586	G	0	0	1	1	1
587	L	0	1	1	0	0
588	M	0	1	1	0	1
589	D	0	0	1	0	0
590	E	0	0	1	0	1
591	I	0	1	0	0	1
592	Q	1	0	0	0	1
593	H	0	1	0	0	0
594	O	0	1	1	1	1
595	V	1	0	1	1	0
596	Z	1	1	0	0	0
597	Q	1	0	0	0	1
598	G	0	0	1	1	1
599	L	0	1	1	0	0
600	B	0	0	0	1	0
601	N	0	1	1	1	0
602	G	0	0	1	1	1
603	L	0	1	1	0	0
604	X	0	0	0	0	0
605	L	0	1	1	0	0
606	I	0	1	0	0	1
607	Q	1	0	0	0	1
608	G	0	0	1	1	1
609	M	0	1	1	0	1
610	D	0	0	1	0	0
611	E	0	0	1	0	1
612	B	0	0	0	1	0
613	W	1	0	1	1	1
614	N	0	1	1	1	0
615	C	0	0	0	1	1
616	N	0	1	1	1	0
617	N	0	1	1	1	0
618	K	0	1	0	1	1
619	S	1	0	0	1	1
620	E	0	0	1	0	1
621	R	1	0	0	1	0
622	V	1	0	1	1	0
623	V	1	0	1	1	0
624	O	0	1	1	1	1
625	V	1	0	1	1	0
626	I	0	1	0	0	1
627	A	0	0	0	0	1
628	L	0	1	1	0	0
629	L	0	1	1	0	0
630	I	0	1	0	0	1
631	U	1	0	1	0	1
632	Q	1	0	0	0	1
633	F	0	0	1	1	0
634	S	1	0	0	1	1
635	Z	1	1	0	0	0
636	Z	1	1	0	0	0
637	Q	1	0	0	0	1
638	G	0	0	1	1	1
639	L	0	1	1	0	0
640	A	0	0	0	0	1
641	F	0	0	1	1	0
642	N	0	1	1	1	0
643	N	0	1	1	1	0
644	X	0	0	0	0	0
645	L	0	1	1	0	0
646	K	0	1	0	1	1
647	K	0	1	0	1	1
648	N	0	1	1	1	0
649	N	0	1	1	1	0
650	K	0	1	0	1	1
651	S	1	0	0	1	1
652	F	0	0	1	1	0
653	M	0	1	1	0	1
654	B	0	0	0	1	0
655	H	0	1	0	0	0
656	D	0	0	1	0	0
657	V	1	0	1	1	0
658	V	1	0	1	1	0
659	P	1	0	0	0	0
660	H	0	1	0	0	0
661	R	1	0	0	1	0
662	D	0	0	1	0	0
663	J	0	1	0	1	0
664	Z	1	1	0	0	0
665	Q	1	0	0	0	1
666	O	0	1	1	1	1
667	U	1	0	1	0	1
668	J	0	1	0	1	0
669	G	0	0	1	1	1
670	A	0	0	0	0	1
671	L	0	1	1	0	0
672	M	0	1	1	0	1
673	X	0	0	0	0	0
674	L	0	1	1	0	0
675	I	0	1	0	0	1
676	O	0	1	1	1	1
677	V	1	0	1	1	0
678	V	1	0	1	1	0
679	R	1	0	0	1	0
680	V	1	0	1	1	0
681	I	0	1	0	0	1
682	A	0	0	0	0	1
683	P	1	0	0	0	0
684	W	1	0	1	1	1
685	J	0	1	0	1	0
686	F	0	0	1	1	0
687	D	0	0	1	0	0
688	E	0	0	1	0	1
689	K	0	1	0	1	1
690	M	0	1	1	0	1
691	D	0	0	1	0	0
692	X	0	0	0	0	0
693	L	0	1	1	0	0
694	I	0	1	0	0	1
695	X	0	0	0	0	0
696	L	0	1	1	0	0
697	I	0	1	0	0	1
698	Q	1	0	0	0	1
699	G	0	0	1	1	1
700	M	0	1	1	0	1
701	C	0	0	0	1	1
702	L	0	1	1	0	0
703	A	0	0	0	0	1
704	F	0	0	1	1	0
705	N	0	1	1	1	0
706	N	0	1	1	1	0
707	H	0	1	0	0	0
708	D	0	0	1	0	0
709	L	0	1	1	0	0
710	F	0	0	1	1	0
711	N	0	1	1	1	0
712	D	0	0	1	0	0
713	L	0	1	1	0	0
714	E	0	0	1	0	1
715	T	1	0	1	0	0
716	I	0	1	0	0	1
717	L	0	1	1	0	0
718	L	0	1	1	0	0
719	J	0	1	0	1	0
720	X	0	0	0	0	0
721	L	0	1	1	0	0
722	I	0	1	0	0	1
723	Q	1	0	0	0	1
724	H	0	1	0	0	0
725	O	0	1	1	1	1
726	O	0	1	1	1	1
727	X	0	0	0	0	0
728	N	0	1	1	1	0
729	K	0	1	0	1	1
730	S	1	0	0	1	1
731	F	0	0	1	1	0
732	N	0	1	1	1	0
733	D	0	0	1	0	0
734	L	0	1	1	0	0
735	N	0	1	1	1	0
736	C	0	0	0	1	1
737	G	0	0	1	1	1
738	M	0	1	1	0	1
739	B	0	0	0	1	0
740	H	0	1	0	0	0
741	K	0	1	0	1	1
742	S	1	0	0	1	1
743	F	0	0	1	1	0
744	N	0	1	1	1	0
745	D	0	0	1	0	0
746	L	0	1	1	0	0
747	F	0	0	1	1	0
748	N	0	1	1	1	0
749	D	0	0	1	0	0
750	L	0	1	1	0	0
751	E	0	0	1	0	1
752	R	1	0	0	1	0
753	U	1	0	1	0	1
754	L	0	1	1	0	0
755	A	0	0	0	0	1
756	L	0	1	1	0	0
757	L	0	1	1	0	0
758	I	0	1	0	0	1
759	O	0	1	1	1	1
760	V	1	0	1	1	0
761	U	1	0	1	0	1
762	Z	1	1	0	0	0
763	W	1	0	1	1	1
764	C	0	0	0	1	1
765	G	0	0	1	1	1
766	A	0	0	0	0	1
767	L	0	1	1	0	0
768	E	0	0	1	0	1
769	R	1	0	0	1	0
770	U	1	0	1	0	1
771	L	0	1	1	0	0
772	A	0	0	0	0	1
773	L	0	1	1	0	0
774	M	0	1	1	0	1
775	D	0	0	1	0	0
776	L	0	1	1	0	0
777	U	1	0	1	0	1
778	A	0	0	0	0	1
779	F	0	0	1	1	0
780	C	0	0	0	1	1
781	N	0	1	1	1	0
782	H	0	1	0	0	0
783	P	1	0	0	0	0
784	J	0	1	0	1	0
785	F	0	0	1	1	0
786	C	0	0	0	1	1
787	N	0	1	1	1	0
788	N	0	1	1	1	0
789	H	0	1	0	0	0
790	D	0	0	1	0	0
791	L	0	1	1	0	0
792	E	0	0	1	0	1
793	R	1	0	0	1	0
794	W	1	0	1	1	1
795	D	0	0	1	0	0
796	V	1	0	1	1	0
797	V	1	0	1	1	0
798	P	1	0	0	0	0
799	H	0	1	0	0	0
800	R	1	0	0	1	0
801	D	0	0	1	0	0
802	J	0	1	0	1	0
803	V	1	0	1	1	0
804	J	0	1	0	1	0
805	Z	1	1	0	0	0
806	Q	1	0	0	0	1
807	W	1	0	1	1	1
808	U	1	0	1	0	1
809	O	0	1	1	1	1
810	C	0	0	0	1	1
811	Q	1	0	0	0	1
812	T	1	0	1	0	0
813	O	0	1	1	1	1
814	R	1	0	0	1	0
815	B	0	0	0	1	0
816	N	0	1	1	1	0
817	M	0	1	1	0	1
818	B	0	0	0	1	0
819	H	0	1	0	0	0
820	I	0	1	0	0	1
821	L	0	1	1	0	0
822	L	0	1	1	0	0
823	I	0	1	0	0	1
824	V	1	0	1	1	0
825	I	0	1	0	0	1
826	A	0	0	0	0	1
827	Q	1	0	0	0	1
828	F	0	0	1	1	0
829	R	1	0	0	1	0
830	U	1	0	1	0	1
831	O	0	1	1	1	1
832	B	0	0	0	1	0
833	K	0	1	0	1	1
834	C	0	0	0	1	1
835	L	0	1	1	0	0
836	I	0	1	0	0	1
837	Z	1	1	0	0	0
838	S	1	0	0	1	1
839	Z	1	1	0	0	0
840	V	1	0	1	1	0
841	R	1	0	0	1	0
842	W	1	0	1	1	1
843	J	0	1	0	1	0
844	F	0	0	1	1	0
845	C	0	0	0	1	1
846	M	0	1	1	0	1
847	C	0	0	0	1	1
848	N	0	1	1	1	0
849	M	0	1	1	0	1
850	B	0	0	0	1	0
851	H	0	1	0	0	0
852	K	0	1	0	1	1
853	W	1	0	1	1	1
854	R	1	0	0	1	0
855	D	0	0	1	0	0
856	I	0	1	0	0	1
857	A	0	0	0	0	1
