Point	Label	1	2	3	4	5
1	N	0	1	1	1	0
2	K	0	1	0	1	1
3	S	1	0	0	1	1
4	F	0	0	1	1	0
5	N	0	1	1	1	0
6	C	0	0	0	1	1
7	G	0	0	1	1	1
8	L	0	1	1	0	0
9	L	0	1	1	0	0
10	E	0	0	1	0	1
11	B	0	0	0	1	0
12	N	0	1	1	1	0
13	H	0	1	0	0	0
14	P	1	0	0	0	0
15	K	0	1	0	1	1
16	N	0	1	1	1	0
17	N	0	1	1	1	0
18	J	0	1	0	1	0
19	G	0	0	1	1	1
20	A	0	0	0	0	1
21	L	0	1	1	0	0
22	M	0	1	1	0	1
23	D	0	0	1	0	0
24	E	0	0	1	0	1
25	I	0	1	0	0	1
26	Q	1	0	0	0	1
27	G	0	0	1	1	1
28	L	0	1	1	0	0
29	B	0	0	0	1	0
30	N	0	1	1	1	0
31	H	0	1	0	0	0
32	O	0	1	1	1	1
33	U	1	0	1	0	1
34	A	0	0	0	0	1
35	F	0	0	1	1	0
36	C	0	0	0	1	1
37	N	0	1	1	1	0
38	H	0	1	0	0	0
39	P	1	0	0	0	0
40	K	0	1	0	1	1
41	N	0	1	1	1	0
42	N	0	1	1	1	0
43	K	0	1	0	1	1
44	S	1	0	0	1	1
45	F	0	0	1	1	0
46	M	0	1	1	0	1
47	B	0	0	0	1	0
48	H	0	1	0	0	0
49	D	0	0	1	0	0
50	Z	1	1	0	0	0
51	S	1	0	0	1	1
52	E	0	0	1	0	1
53	R	1	0	0	1	0
54	U	1	0	1	0	1
55	L	0	1	1	0	0
56	A	0	0	0	0	1
57	L	0	1	1	0	0
58	M	0	1	1	0	1
59	D	0	0	1	0	0
60	L	0	1	1	0	0
61	V	1	0	1	1	0
62	V	1	0	1	1	0
63	R	1	0	0	1	0
64	V	1	0	1	1	0
65	I	0	1	0	0	1
66	A	0	0	0	0	1
67	Q	1	0	0	0	1
68	F	0	0	1	1	0
69	R	1	0	0	1	0
70	U	1	0	1	0	1
71	O	0	1	1	1	1
72	B	0	0	0	1	0
73	K	0	1	0	1	1
74	C	0	0	0	1	1
75	L	0	1	1	0	0
76	I	0	1	0	0	1
77	Z	1	1	0	0	0
78	S	1	0	0	1	1
79	W	1	0	1	1	1
80	R	1	0	0	1	0
81	B	0	0	0	1	0
82	M	0	1	1	0	1
83	D	0	0	1	0	0
84	E	0	0	1	0	1
85	K	0	1	0	1	1
86	N	0	1	1	1	0
87	N	0	1	1	1	0
88	K	0	1	0	1	1
89	W	1	0	1	1	1
90	R	1	0	0	1	0
91	D	0	0	1	0	0
92	I	0	1	0	0	1
93	A	0	0	0	0	1
94	N	0	1	1	1	0
95	K	0	1	0	1	1
96	V	1	0	1	1	0
97	K	0	1	0	1	1
98	C	0	0	0	1	1
99	S	1	0	0	1	1
100	G	0	0	1	1	1
101	Q	1	0	0	0	1
102	Z	1	1	0	0	0
103	V	1	0	1	1	0
104	O	0	1	1	1	1
105	U	1	0	1	0	1
106	J	0	1	0	1	0
107	G	0	0	1	1	1
108	A	0	0	0	0	1
109	X	0	0	0	0	0
110	X	0	0	0	0	0
111	L	0	1	1	0	0
112	I	0	1	0	0	1
113	Q	1	0	0	0	1
114	G	0	0	1	1	1
115	L	0	1	1	0	0
116	A	0	0	0	0	1
117	F	0	0	1	1	0
118	N	0	1	1	1	0
119	N	0	1	1	1	0
120	H	0	1	0	0	0
121	D	0	0	1	0	0
122	L	0	1	1	0	0
123	N	0	1	1	1	0
124	D	0	0	1	0	0
125	L	0	1	1	0	0
126	E	0	0	1	0	1
127	R	1	0	0	1	0
128	V	1	0	1	1	0
129	W	1	0	1	1	1
130	W	1	0	1	1	1
131	S	1	0	0	1	1
132	Q	1	0	0	0	1
133	L	0	1	1	0	0
134	U	1	0	1	0	1
135	A	0	0	0	0	1
136	F	0	0	1	1	0
137	C	0	0	0	1	1
138	N	0	1	1	1	0
139	H	0	1	0	0	0
140	P	1	0	0	0	0
141	K	0	1	0	1	1
142	N	0	1	1	1	0
143	N	0	1	1	1	0
144	J	0	1	0	1	0
145	H	0	1	0	0	0
146	K	0	1	0	1	1
147	R	1	0	0	1	0
148	W	1	0	1	1	1
149	C	0	0	0	1	1
150	G	0	0	1	1	1
151	A	0	0	0	0	1
152	L	0	1	1	0	0
153	E	0	0	1	0	1
154	R	1	0	0	1	0
155	U	1	0	1	0	1
156	L	0	1	1	0	0
157	A	0	0	0	0	1
158	L	0	1	1	0	0
159	L	0	1	1	0	0
160	J	0	1	0	1	0
161	F	0	0	1	1	0
162	C	0	0	0	1	1
163	N	0	1	1	1	0
164	N	0	1	1	1	0
165	M	0	1	1	0	1
166	B	0	0	0	1	0
167	H	0	1	0	0	0
168	I	0	1	0	0	1
169	L	0	1	1	0	0
170	L	0	1	1	0	0
171	I	0	1	0	0	1
172	O	0	1	1	1	1
173	V	1	0	1	1	0
174	V	1	0	1	1	0
175	S	1	0	0	1	1
176	S	1	0	0	1	1
177	Z	1	1	0	0	0
178	Z	1	1	0	0	0
179	P	1	0	0	0	0
180	K	0	1	0	1	1
181	M	0	1	1	0	1
182	D	0	0	1	0	0
183	L	0	1	1	0	0
184	V	1	0	1	1	0
185	V	1	0	1	1	0
186	R	1	0	0	1	0
187	V	1	0	1	1	0
188	I	0	1	0	0	1
189	A	0	0	0	0	1
190	Q	1	0	0	0	1
191	F	0	0	1	1	0
192	R	1	0	0	1	0
193	U	1	0	1	0	1
194	O	0	1	1	1	1
195	B	0	0	0	1	0
196	K	0	1	0	1	1
197	C	0	0	0	1	1
198	L	0	1	1	0	0
199	J	0	1	0	1	0
200	F	0	0	1	1	0
201	C	0	0	0	1	1
202	N	0	1	1	1	0
203	N	0	1	1	1	0
204	D	0	0	1	0	0
205	M	0	1	1	0	1
206	B	0	0	0	1	0
207	H	0	1	0	0	0
208	K	0	1	0	1	1
209	W	1	0	1	1	1
210	R	1	0	0	1	0
211	D	0	0	1	0	0
212	I	0	1	0	0	1
213	A	0	0	0	0	1
214	N	0	1	1	1	0
215	K	0	1	0	1	1
216	V	1	0	1	1	0
217	J	0	1	0	1	0
218	Z	1	1	0	0	0
219	Q	1	0	0	0	1
220	O	0	1	1	1	1
221	Q	1	0	0	0	1
222	V	1	0	1	1	0
223	P	1	0	0	0	0
224	H	0	1	0	0	0
225	X	0	0	0	0	0
226	X	0	0	0	0	0
227	L	0	1	1	0	0
228	I	0	1	0	0	1
229	O	0	1	1	1	1
230	V	1	0	1	1	0
231	U	1	0	1	0	1
232	W	1	0	1	1	1
233	T	1	0	1	0	0
234	Z	1	1	0	0	0
235	U	1	0	1	0	1
236	A	0	0	0	0	1
237	F	0	0	1	1	0
238	C	0	0	0	1	1
239	L	0	1	1	0	0
240	A	0	0	0	0	1
241	F	0	0	1	1	0
242	M	0	1	1	0	1
243	D	0	0	1	0	0
244	E	0	0	1	0	1
245	I	0	1	0	0	1
246	Q	1	0	0	0	1
247	G	0	0	1	1	1
248	L	0	1	1	0	0
249	B	0	0	0	1	0
250	N	0	1	1	1	0
251	H	0	1	0	0	0
252	O	0	1	1	1	1
253	W	1	0	1	1	1
254	N	0	1	1	1	0
255	C	0	0	0	1	1
256	N	0	1	1	1	0
257	M	0	1	1	0	1
258	B	0	0	0	1	0
259	N	0	1	1	1	0
260	W	1	0	1	1	1
261	C	0	0	0	1	1
262	G	0	0	1	1	1
263	A	0	0	0	0	1
264	N	0	1	1	1	0
265	C	0	0	0	1	1
266	G	0	0	1	1	1
267	L	0	1	1	0	0
268	N	0	1	1	1	0
269	N	0	1	1	1	0
270	M	0	1	1	0	1
271	B	0	0	0	1	0
272	H	0	1	0	0	0
273	I	0	1	0	0	1
274	N	0	1	1	1	0
275	N	0	1	1	1	0
276	K	0	1	0	1	1
277	S	1	0	0	1	1
278	F	0	0	1	1	0
279	N	0	1	1	1	0
280	D	0	0	1	0	0
281	L	0	1	1	0	0
282	E	0	0	1	0	1
283	R	1	0	0	1	0
284	V	1	0	1	1	0
285	V	1	0	1	1	0
286	P	1	0	0	0	0
287	H	0	1	0	0	0
288	R	1	0	0	1	0
289	D	0	0	1	0	0
290	I	0	1	0	0	1
291	K	0	1	0	1	1
292	D	0	0	1	0	0
293	I	0	1	0	0	1
294	A	0	0	0	0	1
295	N	0	1	1	1	0
296	K	0	1	0	1	1
297	W	1	0	1	1	1
298	R	1	0	0	1	0
299	D	0	0	1	0	0
300	J	0	1	0	1	0
301	Z	1	1	0	0	0
302	O	0	1	1	1	1
303	V	1	0	1	1	0
304	I	0	1	0	0	1
305	A	0	0	0	0	1
306	N	0	1	1	1	0
307	J	0	1	0	1	0
308	G	0	0	1	1	1
309	A	0	0	0	0	1
310	L	0	1	1	0	0
311	L	0	1	1	0	0
312	B	0	0	0	1	0
313	M	0	1	1	0	1
314	D	0	0	1	0	0
315	E	0	0	1	0	1
316	I	0	1	0	0	1
317	V	1	0	1	1	0
318	K	0	1	0	1	1
319	C	0	0	0	1	1
320	L	0	1	1	0	0
321	I	0	1	0	0	1
322	U	1	0	1	0	1
323	O	0	1	1	1	1
324	B	0	0	0	1	0
325	I	0	1	0	0	1
326	A	0	0	0	0	1
327	Q	1	0	0	0	1
328	F	0	0	1	1	0
329	R	1	0	0	1	0
330	S	1	0	0	1	1
331	V	1	0	1	1	0
332	R	1	0	0	1	0
333	X	0	0	0	0	0
334	X	0	0	0	0	0
335	L	0	1	1	0	0
336	I	0	1	0	0	1
337	O	0	1	1	1	1
338	U	1	0	1	0	1
339	A	0	0	0	0	1
340	F	0	0	1	1	0
341	C	0	0	0	1	1
342	L	0	1	1	0	0
343	B	0	0	0	1	0
344	N	0	1	1	1	0
345	H	0	1	0	0	0
346	Q	1	0	0	0	1
347	G	0	0	1	1	1
348	L	0	1	1	0	0
349	A	0	0	0	0	1
350	F	0	0	1	1	0
351	N	0	1	1	1	0
352	M	0	1	1	0	1
353	A	0	0	0	0	1
354	L	0	1	1	0	0
355	M	0	1	1	0	1
356	D	0	0	1	0	0
357	E	0	0	1	0	1
358	K	0	1	0	1	1
359	N	0	1	1	1	0
360	M	0	1	1	0	1
361	B	0	0	0	1	0
362	N	0	1	1	1	0
363	W	1	0	1	1	1
364	C	0	0	0	1	1
365	G	0	0	1	1	1
366	A	0	0	0	0	1
367	N	0	1	1	1	0
368	C	0	0	0	1	1
369	G	0	0	1	1	1
370	M	0	1	1	0	1
371	B	0	0	0	1	0
372	H	0	1	0	0	0
373	I	0	1	0	0	1
374	L	0	1	1	0	0
375	N	0	1	1	1	0
376	K	0	1	0	1	1
377	R	1	0	0	1	0
378	Z	1	1	0	0	0
379	S	1	0	0	1	1
380	F	0	0	1	1	0
381	N	0	1	1	1	0
382	D	0	0	1	0	0
383	L	0	1	1	0	0
384	E	0	0	1	0	1
385	R	1	0	0	1	0
386	V	1	0	1	1	0
387	V	1	0	1	1	0
388	P	1	0	0	0	0
389	H	0	1	0	0	0
390	R	1	0	0	1	0
391	D	0	0	1	0	0
392	I	0	1	0	0	1
393	A	0	0	0	0	1
394	N	0	1	1	1	0
395	K	0	1	0	1	1
396	Z	1	1	0	0	0
397	Q	1	0	0	0	1
398	O	0	1	1	1	1
399	Z	1	1	0	0	0
400	Q	1	0	0	0	1
401	O	0	1	1	1	1
402	U	1	0	1	0	1
403	J	0	1	0	1	0
404	G	0	0	1	1	1
405	A	0	0	0	0	1
406	L	0	1	1	0	0
407	L	0	1	1	0	0
408	A	0	0	0	0	1
409	S	1	0	0	1	1
410	Q	1	0	0	0	1
411	N	0	1	1	1	0
412	C	0	0	0	1	1
413	M	0	1	1	0	1
414	D	0	0	1	0	0
415	L	0	1	1	0	0
416	U	1	0	1	0	1
417	B	0	0	0	1	0
418	V	1	0	1	1	0
419	V	1	0	1	1	0
420	R	1	0	0	1	0
421	V	1	0	1	1	0
422	I	0	1	0	0	1
423	A	0	0	0	0	1
424	Q	1	0	0	0	1
425	F	0	0	1	1	0
426	E	0	0	1	0	1
427	P	1	0	0	0	0
428	W	1	0	1	1	1
429	J	0	1	0	1	0
430	F	0	0	1	1	0
431	D	0	0	1	0	0
432	E	0	0	1	0	1
433	K	0	1	0	1	1
434	N	0	1	1	1	0
435	M	0	1	1	0	1
436	A	0	0	0	0	1
437	L	0	1	1	0	0
438	M	0	1	1	0	1
439	D	0	0	1	0	0
440	X	0	0	0	0	0
441	X	0	0	0	0	0
442	L	0	1	1	0	0
443	I	0	1	0	0	1
444	Q	1	0	0	0	1
445	G	0	0	1	1	1
446	L	0	1	1	0	0
447	B	0	0	0	1	0
448	N	0	1	1	1	0
449	H	0	1	0	0	0
450	O	0	1	1	1	1
451	V	1	0	1	1	0
452	U	1	0	1	0	1
453	U	1	0	1	0	1
454	Z	1	1	0	0	0
455	W	1	0	1	1	1
456	C	0	0	0	1	1
457	G	0	0	1	1	1
458	A	0	0	0	0	1
459	N	0	1	1	1	0
460	C	0	0	0	1	1
461	G	0	0	1	1	1
462	M	0	1	1	0	1
463	B	0	0	0	1	0
464	H	0	1	0	0	0
465	K	0	1	0	1	1
466	S	1	0	0	1	1
467	F	0	0	1	1	0
468	L	0	1	1	0	0
469	L	0	1	1	0	0
470	E	0	0	1	0	1
471	R	1	0	0	1	0
472	U	1	0	1	0	1
473	L	0	1	1	0	0
474	A	0	0	0	0	1
475	N	0	1	1	1	0
476	I	0	1	0	0	1
477	I	0	1	0	0	1
478	L	0	1	1	0	0
479	M	0	1	1	0	1
480	D	0	0	1	0	0
481	L	0	1	1	0	0
482	U	1	0	1	0	1
483	A	0	0	0	0	1
484	F	0	0	1	1	0
485	C	0	0	0	1	1
486	L	0	1	1	0	0
487	A	0	0	0	0	1
488	F	0	0	1	1	0
489	N	0	1	1	1	0
490	L	0	1	1	0	0
491	L	0	1	1	0	0
492	L	0	1	1	0	0
493	M	0	1	1	0	1
494	D	0	0	1	0	0
495	E	0	0	1	0	1
496	I	0	1	0	0	1
497	O	0	1	1	1	1
498	V	1	0	1	1	0
499	V	1	0	1	1	0
500	R	1	0	0	1	0
501	V	1	0	1	1	0
502	I	0	1	0	0	1
503	A	0	0	0	0	1
504	Q	1	0	0	0	1
505	F	0	0	1	1	0
506	E	0	0	1	0	1
507	O	0	1	1	1	1
508	B	0	0	0	1	0
509	K	0	1	0	1	1
510	C	0	0	0	1	1
511	L	0	1	1	0	0
512	J	0	1	0	1	0
513	F	0	0	1	1	0
514	C	0	0	0	1	1
515	N	0	1	1	1	0
516	N	0	1	1	1	0
517	D	0	0	1	0	0
518	L	0	1	1	0	0
519	M	0	1	1	0	1
520	C	0	0	0	1	1
521	N	0	1	1	1	0
522	M	0	1	1	0	1
523	B	0	0	0	1	0
524	H	0	1	0	0	0
525	K	0	1	0	1	1
526	W	1	0	1	1	1
527	R	1	0	0	1	0
528	D	0	0	1	0	0
529	I	0	1	0	0	1
530	A	0	0	0	0	1
531	N	0	1	1	1	0
532	K	0	1	0	1	1
533	W	1	0	1	1	1
534	S	1	0	0	1	1
535	G	0	0	1	1	1
536	Q	1	0	0	0	1
537	O	0	1	1	1	1
538	Z	1	1	0	0	0
539	Q	1	0	0	0	1
540	V	1	0	1	1	0
541	V	1	0	1	1	0
542	O	0	1	1	1	1
543	V	1	0	1	1	0
544	X	0	0	0	0	0
