#	1	2	3	4	5	6	7	8	9	10	11	12	13	14	15	16
1	1	0	0	1	0	0	1	1	1	1	0	0	4	0	0	1
2	1	0	0	1	0	0	0	1	1	1	0	0	4	1	0	1
3	0	0	1	0	0	1	1	1	1	0	0	1	0	1	0	0
4	1	0	0	1	0	0	1	1	1	1	0	0	4	0	0	1
5	1	0	0	1	0	0	1	1	1	1	0	0	4	1	0	1
6	1	0	0	1	0	0	0	1	1	1	0	0	4	1	0	1
7	1	0	0	1	0	0	0	1	1	1	0	0	4	1	1	1
8	0	0	1	0	0	1	0	1	1	0	0	1	0	1	1	0
9	0	0	1	0	0	1	1	1	1	0	0	1	0	1	0	0
10	1	0	0	1	0	0	0	1	1	1	0	0	4	0	1	0
11	1	0	0	1	0	0	1	1	1	1	0	0	4	1	0	1
12	0	1	1	0	1	0	0	0	1	1	0	0	2	1	1	0
13	0	0	1	0	0	1	1	1	1	0	0	1	0	1	0	0
14	0	0	1	0	0	0	1	0	0	0	0	0	0	0	0	0
15	0	0	1	0	0	1	1	0	0	0	0	0	4	0	0	0
16	0	0	1	0	0	1	1	0	0	0	0	0	6	0	0	0
17	0	1	1	0	1	0	1	0	1	1	0	0	2	1	0	0
18	1	0	0	1	0	0	0	1	1	1	0	0	4	1	0	1
19	0	0	1	0	0	1	1	1	1	0	0	1	0	1	0	1
20	0	0	0	1	0	1	1	1	1	1	0	1	0	1	0	1
21	0	1	1	0	1	0	0	0	1	1	0	0	2	1	1	0
22	0	1	1	0	1	1	0	0	1	1	0	0	2	1	0	0
23	1	0	0	1	0	0	0	1	1	1	0	0	4	1	0	1
24	0	1	1	0	1	0	0	0	1	1	0	0	2	1	0	1
25	0	0	1	0	0	0	0	0	0	1	0	0	6	0	0	0
26	0	0	1	0	0	1	1	1	1	1	0	0	4	0	0	0
27	0	0	1	0	0	1	1	1	1	1	1	0	4	0	0	0
28	1	0	0	1	1	0	0	1	1	1	0	0	2	1	0	0
29	1	0	0	1	0	0	0	1	1	1	0	0	4	1	0	1
30	1	0	0	1	0	0	1	1	1	1	0	0	2	0	1	1
31	0	0	1	0	1	0	0	0	0	1	0	0	6	0	0	0
32	1	0	0	1	0	0	0	1	1	1	0	0	4	1	1	1
33	1	0	0	1	0	0	0	1	1	1	0	0	2	0	0	1
34	0	1	1	0	1	1	1	0	1	1	0	0	2	1	0	0
35	0	0	1	0	0	1	0	1	1	0	0	1	0	1	0	0
36	1	0	0	1	0	0	0	1	1	1	0	0	4	1	1	0
37	1	0	0	1	0	0	0	1	1	1	0	0	4	1	0	0
38	0	1	1	0	1	0	1	0	1	1	0	0	2	1	0	0
39	0	0	1	0	0	1	1	1	1	0	0	1	0	1	0	0
40	1	0	1	0	1	0	0	0	0	1	1	0	6	0	1	0
41	1	0	1	0	1	0	0	0	0	1	0	0	6	0	0	0
42	0	1	1	0	0	0	1	0	1	1	0	0	2	1	0	0
43	0	0	1	0	1	0	1	0	0	1	0	0	6	0	0	0
44	0	1	1	0	1	0	0	0	1	1	0	0	2	1	0	0
45	1	0	0	1	0	0	1	1	1	1	0	0	4	1	0	1
46	1	0	0	1	0	0	1	1	1	1	0	0	4	1	0	1
47	0	0	1	0	0	1	1	0	0	0	0	0	6	0	0	0
48	1	0	0	1	0	0	1	1	1	1	0	0	4	1	0	1
49	1	0	0	1	0	1	1	1	1	1	0	0	4	1	0	1
50	1	0	0	1	0	0	1	1	1	1	0	0	4	1	0	0
51	1	0	0	1	0	0	1	1	1	1	0	0	4	1	0	1
52	1	0	1	0	1	0	0	0	0	1	0	0	6	0	0	0
53	0	0	1	0	0	1	1	1	1	1	0	0	4	1	0	0
54	0	0	1	0	0	1	1	0	0	0	0	0	8	0	0	1
55	1	0	0	1	0	0	1	1	1	1	0	0	4	1	0	0
56	1	0	0	1	0	0	0	1	1	1	0	0	4	1	0	1
57	0	1	1	0	0	0	0	0	1	1	0	0	2	1	0	1
58	0	1	1	0	1	0	0	0	1	1	0	0	2	1	1	0
59	0	1	1	0	0	1	1	0	1	1	0	0	2	1	0	1
60	0	1	1	0	1	0	0	0	1	1	0	0	2	1	0	0
61	0	0	1	0	0	1	1	1	1	0	0	1	0	1	0	1
62	0	0	1	0	0	1	1	1	1	0	0	1	0	1	0	0
63	0	0	1	0	0	0	1	1	1	1	1	0	0	1	0	0
64	1	0	1	1	0	1	1	0	1	1	0	0	4	1	0	1
65	1	0	0	1	0	0	1	1	1	1	0	0	4	1	0	1
66	1	0	0	1	0	0	0	1	1	1	0	0	4	1	1	1
67	0	0	0	1	0	1	1	1	1	1	0	1	0	1	0	1
68	1	0	0	1	0	0	1	1	1	1	0	0	4	1	0	1
69	1	0	0	1	0	0	1	1	1	1	0	0	4	1	1	1
70	1	0	0	1	0	0	1	1	1	1	0	0	4	1	0	1
71	1	0	0	1	0	0	0	1	1	1	0	0	4	1	1	1
72	0	1	1	0	0	0	1	0	1	1	0	0	2	1	0	1
73	0	0	0	0	0	0	1	0	0	1	1	0	8	1	0	0
74	0	0	1	0	0	1	0	1	1	0	0	1	0	1	0	0
75	1	0	0	1	0	1	1	1	1	1	0	1	0	0	0	1
76	1	0	0	1	0	1	1	1	1	1	0	1	2	1	0	1
77	0	0	0	0	0	1	1	1	1	0	1	0	0	1	0	0
78	0	0	1	0	0	1	1	0	0	0	1	0	0	0	0	0
79	0	1	1	0	1	1	1	0	1	1	0	0	2	1	0	0
80	0	1	1	0	1	1	1	0	1	1	0	0	2	1	0	0
81	0	0	1	0	0	0	1	1	1	1	0	0	0	1	0	0
82	0	0	1	0	0	0	0	0	0	1	0	0	0	0	0	0
83	0	0	1	0	0	1	0	1	1	0	0	1	0	1	0	0
84	0	1	1	0	1	0	0	0	1	1	0	0	2	1	0	0
85	1	0	0	1	0	0	0	1	1	1	0	0	2	1	0	0
86	0	0	1	0	0	1	1	0	0	0	0	0	5	0	0	0
87	0	0	1	0	0	1	1	1	1	0	1	1	0	1	0	1
88	0	1	1	0	1	1	0	0	1	1	0	0	2	1	0	1
89	0	0	1	0	0	0	0	0	0	1	0	0	6	0	0	0
90	0	0	1	0	0	1	0	1	1	1	0	0	4	0	0	0
91	0	0	1	0	0	0	0	0	1	1	0	0	4	1	0	1
92	0	0	1	0	0	0	1	1	1	1	0	0	4	1	0	0
93	0	0	1	0	0	1	1	1	1	0	0	1	0	1	0	1
94	1	0	0	1	1	0	0	1	1	1	0	0	2	1	0	0
95	1	0	0	1	0	0	0	1	1	1	0	0	4	1	0	0
96	0	1	1	0	1	0	1	0	1	1	0	0	2	1	0	1
97	1	0	0	1	0	0	0	1	1	1	0	0	2	1	0	1
98	1	0	1	0	1	0	0	0	0	1	1	0	6	0	0	0
99	1	0	0	1	0	0	1	1	1	1	0	0	4	1	0	1
100	0	0	1	0	0	0	0	0	0	1	0	0	0	0	0	0
101	0	1	1	0	1	0	0	0	1	1	0	0	2	1	0	0
