Point	Label	1	2	3	4	5	
1	L	0	1	1	0	0	
2	I	0	1	0	0	1	
3	O	0	1	1	1	1	
4	V	1	0	1	1	0	
5	V	1	0	1	1	0	
6	R	1	0	0	1	0	
7	V	1	0	1	1	0	
8	K	0	1	0	1	1	
9	C	0	0	0	1	1	
10	L	0	1	1	0	0	
11	I	0	1	0	0	1	
12	U	1	0	1	0	1	
13	O	0	1	1	1	1	
14	B	0	0	0	1	0	
15	K	0	1	0	1	1	
16	C	0	0	0	1	1	
17	N	0	1	1	1	0	
18	N	0	1	1	1	0	
19	K	0	1	0	1	1	
20	W	1	0	1	1	1	
21	R	1	0	0	1	0	
22	D	0	0	1	0	0	
23	I	0	1	0	0	1	
24	A	0	0	0	0	1	
25	N	0	1	1	1	0	
26	K	0	1	0	1	1	
27	W	1	0	1	1	1	
28	S	1	0	0	1	1	
29	G	0	0	1	1	1	
30	Q	1	0	0	0	1	
31	Z	1	1	0	0	0	
32	Z	1	1	0	0	0	
33	S	1	0	0	1	1	
34	F	0	0	1	1	0	
35	N	0	1	1	1	0	
36	D	0	0	1	0	0	
37	L	0	1	1	0	0	
38	E	0	0	1	0	1	
39	R	1	0	0	1	0	
40	V	1	0	1	1	0	
41	W	1	0	1	1	1	
42	W	1	0	1	1	1	
43	T	1	0	1	0	0	
44	U	1	0	1	0	1	
45	Z	1	1	0	0	0	
46	Z	1	1	0	0	0	
47	S	1	0	0	1	1	
48	F	0	0	1	1	0	
49	N	0	1	1	1	0	
50	C	0	0	0	1	1	
51	G	0	0	1	1	1	
52	L	0	1	1	0	0	
53	L	0	1	1	0	0	
54	E	0	0	1	0	1	
55	A	0	0	0	0	1	
56	E	0	0	1	0	1	
57	B	0	0	0	1	0	
58	M	0	1	1	0	1	
59	D	0	0	1	0	0	
60	E	0	0	1	0	1	
61	B	0	0	0	1	0	
62	W	1	0	1	1	1	
63	N	0	1	1	1	0	
64	C	0	0	0	1	1	
65	N	0	1	1	1	0	
66	N	0	1	1	1	0	
67	K	0	1	0	1	1	
68	T	1	0	1	0	0	
69	I	0	1	0	0	1	
70	L	0	1	1	0	0	
71	L	0	1	1	0	0	
72	I	0	1	0	0	1	
73	P	1	0	0	0	0	
74	K	0	1	0	1	1	
75	N	0	1	1	1	0	
76	N	0	1	1	1	0	
77	K	0	1	0	1	1	
78	R	1	0	0	1	0	
79	V	1	0	1	1	0	
80	W	1	0	1	1	1	
81	Z	1	1	0	0	0	
82	Z	1	1	0	0	0	
83	Q	1	0	0	0	1	
84	H	0	1	0	0	0	
85	O	0	1	1	1	1	
86	W	1	0	1	1	1	
87	N	0	1	1	1	0	
88	C	0	0	0	1	1	
89	N	0	1	1	1	0	
90	N	0	1	1	1	0	
91	K	0	1	0	1	1	
92	S	1	0	0	1	1	
93	E	0	0	1	0	1	
94	R	1	0	0	1	0	
95	V	1	0	1	1	0	
96	W	1	0	1	1	1	
97	W	1	0	1	1	1	
98	S	1	0	0	1	1	
99	Q	1	0	0	0	1	
100	N	0	1	1	1	0	
101	C	0	0	0	1	1	
102	N	0	1	1	1	0	
103	N	0	1	1	1	0	
104	K	0	1	0	1	1	
105	R	1	0	0	1	0	
106	V	1	0	1	1	0	
107	W	1	0	1	1	1	
108	W	1	0	1	1	1	
109	S	1	0	0	1	1	
110	Q	1	0	0	0	1	
111	N	0	1	1	1	0	
112	C	0	0	0	1	1	
113	N	0	1	1	1	0	
114	N	0	1	1	1	0	
115	K	0	1	0	1	1	
116	R	1	0	0	1	0	
117	V	1	0	1	1	0	
118	V	1	0	1	1	0	
119	P	1	0	0	0	0	
120	G	0	0	1	1	1	
121	P	1	0	0	0	0	
122	G	0	0	1	1	1	
123	Q	1	0	0	0	1	
124	Z	1	1	0	0	0	
125	W	1	0	1	1	1	
126	C	0	0	0	1	1	
127	G	0	0	1	1	1	
128	A	0	0	0	0	1	
129	L	0	1	1	0	0	
130	E	0	0	1	0	1	
131	R	1	0	0	1	0	
132	U	1	0	1	0	1	
133	L	0	1	1	0	0	
134	A	0	0	0	0	1	
135	N	0	1	1	1	0	
136	K	0	1	0	1	1	
137	T	1	0	1	0	0	
138	I	0	1	0	0	1	
139	N	0	1	1	1	0	
140	K	0	1	0	1	1	
141	T	1	0	1	0	0	
142	I	0	1	0	0	1	
143	K	0	1	0	1	1	
144	S	1	0	0	1	1	
145	E	0	0	1	0	1	
146	R	1	0	0	1	0	
147	S	1	0	0	1	1	
148	E	0	0	1	0	1	
149	R	1	0	0	1	0	
150	U	1	0	1	0	1	
151	L	0	1	1	0	0	
152	A	0	0	0	0	1	
153	N	0	1	1	1	0	
154	K	0	1	0	1	1	
155	S	1	0	0	1	1	
156	E	0	0	1	0	1	
157	R	1	0	0	1	0	
158	V	1	0	1	1	0	
159	V	1	0	1	1	0	
160	O	0	1	1	1	1	
161	V	1	0	1	1	0	
162	J	0	1	0	1	0	
163	U	1	0	1	0	1	
164	I	0	1	0	0	1	
165	L	0	1	1	0	0	
166	L	0	1	1	0	0	
167	J	0	1	0	1	0	
168	F	0	0	1	1	0	
169	C	0	0	0	1	1	
170	N	0	1	1	1	0	
171	N	0	1	1	1	0	
172	D	0	0	1	0	0	
173	L	0	1	1	0	0	
174	M	0	1	1	0	1	
175	C	0	0	0	1	1	
176	N	0	1	1	1	0	
177	N	0	1	1	1	0	
178	D	0	0	1	0	0	
179	L	0	1	1	0	0	
180	M	0	1	1	0	1	
181	C	0	0	0	1	1	
182	N	0	1	1	1	0	
183	M	0	1	1	0	1	
184	B	0	0	0	1	0	
185	H	0	1	0	0	0	
186	I	0	1	0	0	1	
187	L	0	1	1	0	0	
188	L	0	1	1	0	0	
189	I	0	1	0	0	1	
190	U	1	0	1	0	1	
191	Q	1	0	0	0	1	
192	F	0	0	1	1	0	
193	S	1	0	0	1	1	
194	Z	1	1	0	0	0	
195	Z	1	1	0	0	0	
196	Q	1	0	0	0	1	
197	G	0	0	1	1	1	
198	L	0	1	1	0	0	
199	B	0	0	0	1	0	
200	N	0	1	1	1	0	
201	H	0	1	0	0	0	
202	P	1	0	0	0	0	
203	K	0	1	0	1	1	
204	N	0	1	1	1	0	
205	L	0	1	1	0	0	
206	I	0	1	0	0	1	
207	P	1	0	0	0	0	
208	K	0	1	0	1	1	
209	N	0	1	1	1	0	
210	L	0	1	1	0	0	
211	L	0	1	1	0	0	
212	J	0	1	0	1	0	
213	F	0	0	1	1	0	
214	C	0	0	0	1	1	
215	N	0	1	1	1	0	
216	N	0	1	1	1	0	
217	G	0	0	1	1	1	
218	M	0	1	1	0	1	
219	B	0	0	0	1	0	
220	H	0	1	0	0	0	
221	X	0	0	0	0	0	
222	X	0	0	0	0	0	
223	L	0	1	1	0	0	
224	I	0	1	0	0	1	
225	O	0	1	1	1	1	
226	V	1	0	1	1	0	
227	V	1	0	1	1	0	
228	T	1	0	1	0	0	
229	E	0	0	1	0	1	
230	O	0	1	1	1	1	
231	B	0	0	0	1	0	
232	K	0	1	0	1	1	
233	C	0	0	0	1	1	
234	N	0	1	1	1	0	
235	N	0	1	1	1	0	
236	K	0	1	0	1	1	
237	W	1	0	1	1	1	
238	R	1	0	0	1	0	
239	D	0	0	1	0	0	
240	I	0	1	0	0	1	
241	A	0	0	0	0	1	
242	N	0	1	1	1	0	
243	K	0	1	0	1	1	
244	W	1	0	1	1	1	
245	R	1	0	0	1	0	
246	D	0	0	1	0	0	
247	J	0	1	0	1	0	
248	Z	1	1	0	0	0	
249	Q	1	0	0	0	1	
250	Z	1	1	0	0	0	
251	Z	1	1	0	0	0	
252	S	1	0	0	1	1	
253	F	0	0	1	1	0	
254	N	0	1	1	1	0	
255	D	0	0	1	0	0	
256	L	0	1	1	0	0	
257	E	0	0	1	0	1	
258	R	1	0	0	1	0	
259	V	1	0	1	1	0	
260	W	1	0	1	1	1	
261	W	1	0	1	1	1	
262	S	1	0	0	1	1	
263	Q	1	0	0	0	1	
264	N	0	1	1	1	0	
265	C	0	0	0	1	1	
266	N	0	1	1	1	0	
267	N	0	1	1	1	0	
268	K	0	1	0	1	1	
269	R	1	0	0	1	0	
270	V	1	0	1	1	0	
271	V	1	0	1	1	0	
272	P	1	0	0	0	0	
273	H	0	1	0	0	0	
274	R	1	0	0	1	0	
275	D	0	0	1	0	0	
276	I	0	1	0	0	1	
277	A	0	0	0	0	1	
278	L	0	1	1	0	0	
279	L	0	1	1	0	0	
280	I	0	1	0	0	1	
281	U	1	0	1	0	1	
282	O	0	1	1	1	1	
283	B	0	0	0	1	0	
284	K	0	1	0	1	1	
285	C	0	0	0	1	1	
286	L	0	1	1	0	0	
287	I	0	1	0	0	1	
288	Z	1	1	0	0	0	
289	S	1	0	0	1	1	
290	Z	1	1	0	0	0	
291	Z	1	1	0	0	0	
292	Q	1	0	0	0	1	
293	G	0	0	1	1	1	
294	L	0	1	1	0	0	
295	B	0	0	0	1	0	
296	N	0	1	1	1	0	
297	L	0	1	1	0	0	
298	A	0	0	0	0	1	
299	F	0	0	1	1	0	
300	M	0	1	1	0	1	
301	D	0	0	1	0	0	
302	E	0	0	1	0	1	
303	I	0	1	0	0	1	
304	Q	1	0	0	0	1	
305	G	0	0	1	1	1	
306	L	0	1	1	0	0	
307	B	0	0	0	1	0	
308	M	0	1	1	0	1	
309	D	0	0	1	0	0	
310	E	0	0	1	0	1	
311	B	0	0	0	1	0	
312	W	1	0	1	1	1	
313	N	0	1	1	1	0	
314	C	0	0	0	1	1	
315	N	0	1	1	1	0	
316	N	0	1	1	1	0	
317	K	0	1	0	1	1	
318	R	1	0	0	1	0	
319	V	1	0	1	1	0	
320	U	1	0	1	0	1	
321	O	0	1	1	1	1	
322	D	0	0	1	0	0	
323	L	0	1	1	0	0	
324	L	0	1	1	0	0	
325	B	0	0	0	1	0	
326	N	0	1	1	1	0	
327	N	0	1	1	1	0	
328	D	0	0	1	0	0	
329	L	0	1	1	0	0	
330	M	0	1	1	0	1	
331	D	0	0	1	0	0	
332	E	0	0	1	0	1	
333	I	0	1	0	0	1	
334	U	1	0	1	0	1	
335	O	0	1	1	1	1	
336	B	0	0	0	1	0	
337	A	0	0	0	0	1	
338	Q	1	0	0	0	1	
339	F	0	0	1	1	0	
340	R	1	0	0	1	0	
341	V	1	0	1	1	0	
342	K	0	1	0	1	1	
343	C	0	0	0	1	1	
344	N	0	1	1	1	0	
345	N	0	1	1	1	0	
346	J	0	1	0	1	0	
347	G	0	0	1	1	1	
348	A	0	0	0	0	1	
349	N	0	1	1	1	0	
350	C	0	0	0	1	1	
351	Q	1	0	0	0	1	
352	S	1	0	0	1	1	
353	L	0	1	1	0	0	
354	A	0	0	0	0	1	
355	N	0	1	1	1	0	
356	K	0	1	0	1	1	
357	T	1	0	1	0	0	
358	I	0	1	0	0	1	
359	L	0	1	1	0	0	
360	L	0	1	1	0	0	
361	I	0	1	0	0	1	
362	P	1	0	0	0	0	
363	K	0	1	0	1	1	
364	N	0	1	1	1	0	
365	N	0	1	1	1	0	
366	J	0	1	0	1	0	
367	G	0	0	1	1	1	
368	A	0	0	0	0	1	
369	N	0	1	1	1	0	
370	H	0	1	0	0	0	
371	D	0	0	1	0	0	
372	L	0	1	1	0	0	
373	E	0	0	1	0	1	
374	R	1	0	0	1	0	
375	V	1	0	1	1	0	
376	V	1	0	1	1	0	
377	O	0	1	1	1	1	
378	W	1	0	1	1	1	
379	S	1	0	0	1	1	
380	G	0	0	1	1	1	
381	Q	1	0	0	0	1	
382	Z	1	1	0	0	0	
383	Z	1	1	0	0	0	
384	T	1	0	1	0	0	
385	I	0	1	0	0	1	
386	L	0	1	1	0	0	
387	L	0	1	1	0	0	
388	I	0	1	0	0	1	
389	Q	1	0	0	0	1	
390	G	0	0	1	1	1	
391	L	0	1	1	0	0	
392	B	0	0	0	1	0	
393	N	0	1	1	1	0	
394	G	0	0	1	1	1	
395	L	0	1	1	0	0	
396	A	0	0	0	0	1	
397	F	0	0	1	1	0	
398	N	0	1	1	1	0	
399	N	0	1	1	1	0	
400	H	0	1	0	0	0	
401	D	0	0	1	0	0	
402	L	0	1	1	0	0	
403	E	0	0	1	0	1	
404	R	1	0	0	1	0	
405	V	1	0	1	1	0	
406	W	1	0	1	1	1	
407	W	1	0	1	1	1	
408	S	1	0	0	1	1	
409	Q	1	0	0	0	1	
410	N	0	1	1	1	0	
411	C	0	0	0	1	1	
412	N	0	1	1	1	0	
413	N	0	1	1	1	0	
414	K	0	1	0	1	1	
415	R	1	0	0	1	0	
416	V	1	0	1	1	0	
417	Z	1	1	0	0	0	
418	Z	1	1	0	0	0	
419	R	1	0	0	1	0	
420	V	1	0	1	1	0	
421	Z	1	1	0	0	0	
422	S	1	0	0	1	1	
423	F	0	0	1	1	0	
424	N	0	1	1	1	0	
425	D	0	0	1	0	0	
426	L	0	1	1	0	0	
427	F	0	0	1	1	0	
428	N	0	1	1	1	0	
429	D	0	0	1	0	0	
430	L	0	1	1	0	0	
431	E	0	0	1	0	1	
432	R	1	0	0	1	0	
433	V	1	0	1	1	0	
434	Z	1	1	0	0	0	
435	S	1	0	0	1	1	
436	F	0	0	1	1	0	
437	N	0	1	1	1	0	
438	D	0	0	1	0	0	
439	M	0	1	1	0	1	
440	B	0	0	0	1	0	
441	H	0	1	0	0	0	
442	D	0	0	1	0	0	
443	U	1	0	1	0	1	
444	X	0	0	0	0	0	
445	X	0	0	0	0	0	
446	L	0	1	1	0	0	
447	I	0	1	0	0	1	
448	O	0	1	1	1	1	
449	V	1	0	1	1	0	
450	V	1	0	1	1	0	
451	T	1	0	1	0	0	
452	E	0	0	1	0	1	
453	O	0	1	1	1	1	
454	B	0	0	0	1	0	
455	K	0	1	0	1	1	
456	I	0	1	0	0	1	
457	A	0	0	0	0	1	
458	P	1	0	0	0	0	
459	W	1	0	1	1	1	
460	K	0	1	0	1	1	
461	N	0	1	1	1	0	
462	N	0	1	1	1	0	
463	K	0	1	0	1	1	
464	W	1	0	1	1	1	
465	R	1	0	0	1	0	
466	D	0	0	1	0	0	
467	I	0	1	0	0	1	
468	A	0	0	0	0	1	
469	L	0	1	1	0	0	
470	L	0	1	1	0	0	
471	I	0	1	0	0	1	
472	U	1	0	1	0	1	
473	Q	1	0	0	0	1	
474	F	0	0	1	1	0	
475	R	1	0	0	1	0	
476	V	1	0	1	1	0	
477	K	0	1	0	1	1	
478	C	0	0	0	1	1	
479	L	0	1	1	0	0	
480	I	0	1	0	0	1	
481	U	1	0	1	0	1	
482	Q	1	0	0	0	1	
483	F	0	0	1	1	0	
484	S	1	0	0	1	1	
485	Z	1	1	0	0	0	
486	U	1	0	1	0	1	
487	A	0	0	0	0	1	
488	F	0	0	1	1	0	
489	C	0	0	0	1	1	
490	L	0	1	1	0	0	
491	A	0	0	0	0	1	
492	F	0	0	1	1	0	
493	N	0	1	1	1	0	
494	N	0	1	1	1	0	
495	H	0	1	0	0	0	
496	D	0	0	1	0	0	
497	L	0	1	1	0	0	
498	E	0	0	1	0	1	
499	R	1	0	0	1	0	
500	V	1	0	1	1	0	
501	W	1	0	1	1	1	
502	W	1	0	1	1	1	
503	S	1	0	0	1	1	
504	Q	1	0	0	0	1	
505	L	0	1	1	0	0	
506	U	1	0	1	0	1	
507	A	0	0	0	0	1	
508	F	0	0	1	1	0	
509	C	0	0	0	1	1	
510	N	0	1	1	1	0	
511	H	0	1	0	0	0	
512	O	0	1	1	1	1	
513	V	1	0	1	1	0	
514	V	1	0	1	1	0	
515	R	1	0	0	1	0	
516	U	1	0	1	0	1	
517	Q	1	0	0	0	1	
518	F	0	0	1	1	0	
519	R	1	0	0	1	0	
520	V	1	0	1	1	0	
521	K	0	1	0	1	1	
522	C	0	0	0	1	1	
523	L	0	1	1	0	0	
524	I	0	1	0	0	1	
525	Z	1	1	0	0	0	
526	S	1	0	0	1	1	
527	Z	1	1	0	0	0	
528	Z	1	1	0	0	0	
529	Q	1	0	0	0	1	
530	H	0	1	0	0	0	
531	O	0	1	1	1	1	
532	V	1	0	1	1	0	
533	V	1	0	1	1	0	
534	R	1	0	0	1	0	
535	V	1	0	1	1	0	
536	K	0	1	0	1	1	
537	C	0	0	0	1	1	
538	N	0	1	1	1	0	
539	N	0	1	1	1	0	
540	J	0	1	0	1	0	
541	G	0	0	1	1	1	
542	A	0	0	0	0	1	
543	L	0	1	1	0	0	
544	L	0	1	1	0	0	
545	B	0	0	0	1	0	
546	N	0	1	1	1	0	
547	M	0	1	1	0	1	
548	B	0	0	0	1	0	
549	H	0	1	0	0	0	
550	K	0	1	0	1	1	
551	W	1	0	1	1	1	
552	S	1	0	0	1	1	
553	G	0	0	1	1	1	
554	O	0	1	1	1	1	
555	V	1	0	1	1	0	
556	J	0	1	0	1	0	
557	Z	1	1	0	0	0	
558	Q	1	0	0	0	1	
559	Z	1	1	0	0	0	
560	Z	1	1	0	0	0	
561	S	1	0	0	1	1	
562	F	0	0	1	1	0	
563	N	0	1	1	1	0	
564	D	0	0	1	0	0	
565	L	0	1	1	0	0	
566	E	0	0	1	0	1	
567	R	1	0	0	1	0	
568	V	1	0	1	1	0	
569	W	1	0	1	1	1	
570	Z	1	1	0	0	0	
571	Z	1	1	0	0	0	
572	Q	1	0	0	0	1	
573	H	0	1	0	0	0	
574	O	0	1	1	1	1	
575	V	1	0	1	1	0	
576	Z	1	1	0	0	0	
577	Q	1	0	0	0	1	
578	H	0	1	0	0	0	
579	O	0	1	1	1	1	
580	V	1	0	1	1	0	
581	V	1	0	1	1	0	
582	R	1	0	0	1	0	
583	W	1	0	1	1	1	
584	K	0	1	0	1	1	
585	N	0	1	1	1	0	
586	N	0	1	1	1	0	
587	J	0	1	0	1	0	
588	H	0	1	0	0	0	
589	I	0	1	0	0	1	
590	L	0	1	1	0	0	
591	L	0	1	1	0	0	
592	J	0	1	0	1	0	
593	F	0	0	1	1	0	
594	C	0	0	0	1	1	
595	L	0	1	1	0	0	
596	A	0	0	0	0	1	
597	S	1	0	0	1	1	
598	Q	1	0	0	0	1	
599	N	0	1	1	1	0	
600	C	0	0	0	1	1	
601	L	0	1	1	0	0	
602	I	0	1	0	0	1	
603	Q	1	0	0	0	1	
604	H	0	1	0	0	0	
605	P	1	0	0	0	0	
606	K	0	1	0	1	1	
607	N	0	1	1	1	0	
608	N	0	1	1	1	0	
609	K	0	1	0	1	1	
610	R	1	0	0	1	0	
611	W	1	0	1	1	1	
612	C	0	0	0	1	1	
613	G	0	0	1	1	1	
614	A	0	0	0	0	1	
615	L	0	1	1	0	0	
616	E	0	0	1	0	1	
617	R	1	0	0	1	0	
618	V	1	0	1	1	0	
619	U	1	0	1	0	1	
620	Q	1	0	0	0	1	
621	S	1	0	0	1	1	
622	N	0	1	1	1	0	
623	W	1	0	1	1	1	
624	D	0	0	1	0	0	
625	U	1	0	1	0	1	
626	L	0	1	1	0	0	
627	A	0	0	0	0	1	
628	N	0	1	1	1	0	
629	K	0	1	0	1	1	
630	S	1	0	0	1	1	
631	E	0	0	1	0	1	
632	T	1	0	1	0	0	
633	I	0	1	0	0	1	
634	L	0	1	1	0	0	
635	L	0	1	1	0	0	
636	J	0	1	0	1	0	
637	F	0	0	1	1	0	
638	C	0	0	0	1	1	
639	N	0	1	1	1	0	
640	N	0	1	1	1	0	
641	H	0	1	0	0	0	
642	D	0	0	1	0	0	
643	L	0	1	1	0	0	
644	E	0	0	1	0	1	
645	R	1	0	0	1	0	
646	U	1	0	1	0	1	
647	L	0	1	1	0	0	
648	A	0	0	0	0	1	
649	N	0	1	1	1	0	
650	K	0	1	0	1	1	
651	I	0	1	0	0	1	
652	L	0	1	1	0	0	
653	L	0	1	1	0	0	
654	I	0	1	0	0	1	
655	P	1	0	0	0	0	
656	K	0	1	0	1	1	
657	N	0	1	1	1	0	
658	N	0	1	1	1	0	
659	J	0	1	0	1	0	
660	G	0	0	1	1	1	
661	A	0	0	0	0	1	
662	X	0	0	0	0	0	
663	X	0	0	0	0	0	
664	L	0	1	1	0	0	
665	I	0	1	0	0	1	
666	O	0	1	1	1	1	
667	U	1	0	1	0	1	
668	A	0	0	0	0	1	
669	F	0	0	1	1	0	
670	C	0	0	0	1	1	
671	L	0	1	1	0	0	
672	A	0	0	0	0	1	
673	F	0	0	1	1	0	
674	N	0	1	1	1	0	
675	N	0	1	1	1	0	
676	H	0	1	0	0	0	
677	D	0	0	1	0	0	
678	M	0	1	1	0	1	
679	B	0	0	0	1	0	
680	H	0	1	0	0	0	
681	D	0	0	1	0	0	
682	U	1	0	1	0	1	
683	L	0	1	1	0	0	
684	A	0	0	0	0	1	
685	N	0	1	1	1	0	
686	K	0	1	0	1	1	
687	R	1	0	0	1	0	
688	V	1	0	1	1	0	
689	V	1	0	1	1	0	
690	O	0	1	1	1	1	
691	W	1	0	1	1	1	
692	R	1	0	0	1	0	
693	D	0	0	1	0	0	
694	I	0	1	0	0	1	
695	A	0	0	0	0	1	
696	L	0	1	1	0	0	
697	L	0	1	1	0	0	
698	I	0	1	0	0	1	
699	U	1	0	1	0	1	
700	O	0	1	1	1	1	
701	B	0	0	0	1	0	
702	K	0	1	0	1	1	
703	C	0	0	0	1	1	
704	L	0	1	1	0	0	
705	I	0	1	0	0	1	
706	Z	1	1	0	0	0	
707	S	1	0	0	1	1	
708	Z	1	1	0	0	0	
709	Z	1	1	0	0	0	
710	P	1	0	0	0	0	
711	K	0	1	0	1	1	
712	N	0	1	1	1	0	
713	N	0	1	1	1	0	
714	J	0	1	0	1	0	
715	G	0	0	1	1	1	
716	A	0	0	0	0	1	
717	L	0	1	1	0	0	
718	L	0	1	1	0	0	
719	E	0	0	1	0	1	
720	B	0	0	0	1	0	
721	N	0	1	1	1	0	
722	H	0	1	0	0	0	
723	O	0	1	1	1	1	
724	W	1	0	1	1	1	
725	N	0	1	1	1	0	
726	C	0	0	0	1	1	
727	L	0	1	1	0	0	
728	I	0	1	0	0	1	
729	Q	1	0	0	0	1	
730	H	0	1	0	0	0	
731	O	0	1	1	1	1	
732	W	1	0	1	1	1	
733	N	0	1	1	1	0	
734	C	0	0	0	1	1	
735	L	0	1	1	0	0	
736	I	0	1	0	0	1	
737	Q	1	0	0	0	1	
738	H	0	1	0	0	0	
739	O	0	1	1	1	1	
740	Z	1	1	0	0	0	
741	Q	1	0	0	0	1	
742	H	0	1	0	0	0	
743	O	0	1	1	1	1	
744	V	1	0	1	1	0	
745	V	1	0	1	1	0	
746	T	1	0	1	0	0	
747	E	0	0	1	0	1	
748	O	0	1	1	1	1	
749	A	0	0	0	0	1	
750	Q	1	0	0	0	1	
751	E	0	0	1	0	1	
752	O	0	1	1	1	1	
753	B	0	0	0	1	0	
754	J	0	1	0	1	0	
755	Z	1	1	0	0	0	
756	S	1	0	0	1	1	
757	Z	1	1	0	0	0	
758	Z	1	1	0	0	0	
759	P	1	0	0	0	0	
760	K	0	1	0	1	1	
761	N	0	1	1	1	0	
762	L	0	1	1	0	0	
763	I	0	1	0	0	1	
764	Q	1	0	0	0	1	
765	H	0	1	0	0	0	
766	O	0	1	1	1	1	
767	W	1	0	1	1	1	
768	N	0	1	1	1	0	
769	C	0	0	0	1	1	
770	L	0	1	1	0	0	
771	J	0	1	0	1	0	
772	F	0	0	1	1	0	
773	C	0	0	0	1	1	
774	N	0	1	1	1	0	
775	N	0	1	1	1	0	
776	G	0	0	1	1	1	
777	L	0	1	1	0	0	
778	L	0	1	1	0	0	
779	F	0	0	1	1	0	
780	N	0	1	1	1	0	
781	N	0	1	1	1	0	
782	G	0	0	1	1	1	
783	N	0	1	1	1	0	
784	H	0	1	0	0	0	
785	D	0	0	1	0	0	
786	L	0	1	1	0	0	
787	E	0	0	1	0	1	
788	R	1	0	0	1	0	
789	V	1	0	1	1	0	
790	V	1	0	1	1	0	
791	P	1	0	0	0	0	
792	G	0	0	1	1	1	
793	P	1	0	0	0	0	
794	H	0	1	0	0	0	
795	R	1	0	0	1	0	
796	D	0	0	1	0	0	
797	I	0	1	0	0	1	
798	A	0	0	0	0	1	
799	N	0	1	1	1	0	
800	K	0	1	0	1	1	
801	W	1	0	1	1	1	
802	R	1	0	0	1	0	
803	D	0	0	1	0	0	
804	J	0	1	0	1	0	
805	Z	1	1	0	0	0	
806	Q	1	0	0	0	1	
807	V	1	0	1	1	0	
808	V	1	0	1	1	0	
809	O	0	1	1	1	1	
810	V	1	0	1	1	0	
811	I	0	1	0	0	1	
812	A	0	0	0	0	1	
813	N	0	1	1	1	0	
814	J	0	1	0	1	0	
815	G	0	0	1	1	1	
816	A	0	0	0	0	1	
817	L	0	1	1	0	0	
818	L	0	1	1	0	0	
819	B	0	0	0	1	0	
820	L	0	1	1	0	0	
821	L	0	1	1	0	0	
822	B	0	0	0	1	0	
823	M	0	1	1	0	1	
824	D	0	0	1	0	0	
825	E	0	0	1	0	1	
826	X	0	0	0	0	0	
827	X	0	0	0	0	0	
828	L	0	1	1	0	0	
829	I	0	1	0	0	1	
830	O	0	1	1	1	1	
831	V	1	0	1	1	0	
832	V	1	0	1	1	0	
833	R	1	0	0	1	0	
834	U	1	0	1	0	1	
835	O	0	1	1	1	1	
836	B	0	0	0	1	0	
837	K	0	1	0	1	1	
838	C	0	0	0	1	1	
839	L	0	1	1	0	0	
840	I	0	1	0	0	1	
841	U	1	0	1	0	1	
842	Q	1	0	0	0	1	
843	F	0	0	1	1	0	
844	R	1	0	0	1	0	
845	V	1	0	1	1	0	
846	K	0	1	0	1	1	
847	C	0	0	0	1	1	
848	N	0	1	1	1	0	
849	N	0	1	1	1	0	
850	K	0	1	0	1	1	
851	W	1	0	1	1	1	
852	R	1	0	0	1	0	
853	D	0	0	1	0	0	
854	I	0	1	0	0	1	
855	A	0	0	0	0	1	
856	N	0	1	1	1	0	
857	K	0	1	0	1	1	
858	W	1	0	1	1	1	
859	R	1	0	0	1	0	
860	C	0	0	0	1	1	
861	S	1	0	0	1	1	
862	H	0	1	0	0	0	
863	R	1	0	0	1	0	
864	C	0	0	0	1	1	
865	S	1	0	0	1	1	
866	G	0	0	1	1	1	
867	Q	1	0	0	0	1	
868	Z	1	1	0	0	0	
869	Z	1	1	0	0	0	
870	S	1	0	0	1	1	
871	F	0	0	1	1	0	
872	N	0	1	1	1	0	
873	D	0	0	1	0	0	
874	L	0	1	1	0	0	
875	E	0	0	1	0	1	
876	R	1	0	0	1	0	
877	V	1	0	1	1	0	
878	V	1	0	1	1	0	
879	O	0	1	1	1	1	
880	V	1	0	1	1	0	
881	J	0	1	0	1	0	
882	Z	1	1	0	0	0	
883	Q	1	0	0	0	1	
884	U	1	0	1	0	1	
885	Q	1	0	0	0	1	
886	S	1	0	0	1	1	
887	L	0	1	1	0	0	
888	A	0	0	0	0	1	
889	N	0	1	1	1	0	
890	K	0	1	0	1	1	
891	R	1	0	0	1	0	
892	V	1	0	1	1	0	
893	W	1	0	1	1	1	
894	W	1	0	1	1	1	
895	R	1	0	0	1	0	
896	B	0	0	0	1	0	
897	N	0	1	1	1	0	
898	M	0	1	1	0	1	
899	A	0	0	0	0	1	
900	M	0	1	1	0	1	
901	B	0	0	0	1	0	
902	H	0	1	0	0	0	
903	I	0	1	0	0	1	
904	L	0	1	1	0	0	
905	L	0	1	1	0	0	
906	I	0	1	0	0	1	
907	Z	1	1	0	0	0	
908	S	1	0	0	1	1	
909	Z	1	1	0	0	0	
910	Z	1	1	0	0	0	
911	Q	1	0	0	0	1	
912	G	0	0	1	1	1	
913	L	0	1	1	0	0	
914	B	0	0	0	1	0	
915	N	0	1	1	1	0	
916	H	0	1	0	0	0	
917	O	0	1	1	1	1	
918	V	1	0	1	1	0	
919	V	1	0	1	1	0	
920	R	1	0	0	1	0	
921	Z	1	1	0	0	0	
922	S	1	0	0	1	1	
923	Z	1	1	0	0	0	
924	Z	1	1	0	0	0	
925	Q	1	0	0	0	1	
926	H	0	1	0	0	0	
927	O	0	1	1	1	1	
928	V	1	0	1	1	0	
929	W	1	0	1	1	1	
930	R	1	0	0	1	0	
931	B	0	0	0	1	0	
932	N	0	1	1	1	0	
933	L	0	1	1	0	0	
934	B	0	0	0	1	0	
935	L	0	1	1	0	0	
936	B	0	0	0	1	0	
937	N	0	1	1	1	0	
938	L	0	1	1	0	0	
939	B	0	0	0	1	0	
940	N	0	1	1	1	0	
941	M	0	1	1	0	1	
942	A	0	0	0	0	1	
943	L	0	1	1	0	0	
944	L	0	1	1	0	0	
945	B	0	0	0	1	0	
946	N	0	1	1	1	0	
947	L	0	1	1	0	0	
948	B	0	0	0	1	0	
949	N	0	1	1	1	0	
950	M	0	1	1	0	1	
951	D	0	0	1	0	0	
952	E	0	0	1	0	1	
953	K	0	1	0	1	1	
954	N	0	1	1	1	0	
955	N	0	1	1	1	0	
956	K	0	1	0	1	1	
957	W	1	0	1	1	1	
958	S	1	0	0	1	1	
959	G	0	0	1	1	1	
960	Q	1	0	0	0	1	
961	Z	1	1	0	0	0	
962	Z	1	1	0	0	0	
963	S	1	0	0	1	1	
964	F	0	0	1	1	0	
965	N	0	1	1	1	0	
966	D	0	0	1	0	0	
967	M	0	1	1	0	1	
968	B	0	0	0	1	0	
969	H	0	1	0	0	0	
970	D	0	0	1	0	0	
971	U	1	0	1	0	1	
972	L	0	1	1	0	0	
973	A	0	0	0	0	1	
974	N	0	1	1	1	0	
975	K	0	1	0	1	1	
976	S	1	0	0	1	1	
977	F	0	0	1	1	0	
978	N	0	1	1	1	0	
979	D	0	0	1	0	0	
980	L	0	1	1	0	0	
981	F	0	0	1	1	0	
982	N	0	1	1	1	0	
983	C	0	0	0	1	1	
984	G	0	0	1	1	1	
985	L	0	1	1	0	0	
986	L	0	1	1	0	0	
987	E	0	0	1	0	1	
988	B	0	0	0	1	0	
989	N	0	1	1	1	0	
990	H	0	1	0	0	0	
991	O	0	1	1	1	1	
992	U	1	0	1	0	1	
993	A	0	0	0	0	1	
994	F	0	0	1	1	0	
995	C	0	0	0	1	1	
996	N	0	1	1	1	0	
997	H	0	1	0	0	0	
998	O	0	1	1	1	1	
999	V	1	0	1	1	0	
1000	W	1	0	1	1	1	
1001	S	1	0	0	1	1	
1002	Q	1	0	0	0	1	
1003	L	0	1	1	0	0	
1004	U	1	0	1	0	1	
1005	B	0	0	0	1	0	
1006	W	1	0	1	1	1	
1007	N	0	1	1	1	0	
1008	C	0	0	0	1	1	
1009	L	0	1	1	0	0	
1010	I	0	1	0	0	1	
1011	Q	1	0	0	0	1	
1012	H	0	1	0	0	0	
1013	P	1	0	0	0	0	
1014	K	0	1	0	1	1	
1015	N	0	1	1	1	0	
1016	N	0	1	1	1	0	
1017	K	0	1	0	1	1	
1018	S	1	0	0	1	1	
1019	E	0	0	1	0	1	
1020	R	1	0	0	1	0	
1021	U	1	0	1	0	1	
1022	L	0	1	1	0	0	
1023	A	0	0	0	0	1	
1024	N	0	1	1	1	0	
1025	K	0	1	0	1	1	
1026	T	1	0	1	0	0	
1027	J	0	1	0	1	0	
1028	G	0	0	1	1	1	
1029	A	0	0	0	0	1	
1030	L	0	1	1	0	0	
1031	L	0	1	1	0	0	
1032	E	0	0	1	0	1	
1033	B	0	0	0	1	0	
1034	N	0	1	1	1	0	
1035	H	0	1	0	0	0	
1036	O	0	1	1	1	1	
1037	V	1	0	1	1	0	
1038	W	1	0	1	1	1	
1039	S	1	0	0	1	1	
1040	Q	1	0	0	0	1	
1041	N	0	1	1	1	0	
1042	C	0	0	0	1	1	
1043	L	0	1	1	0	0	
1044	I	0	1	0	0	1	
1045	Q	1	0	0	0	1	
1046	H	0	1	0	0	0	
1047	O	0	1	1	1	1	
1048	W	1	0	1	1	1	
1049	N	0	1	1	1	0	
1050	C	0	0	0	1	1	
1051	L	0	1	1	0	0	
1052	I	0	1	0	0	1	
1053	Q	1	0	0	0	1	
1054	H	0	1	0	0	0	
1055	O	0	1	1	1	1	
1056	W	1	0	1	1	1	
1057	N	0	1	1	1	0	
1058	C	0	0	0	1	1	
1059	L	0	1	1	0	0	
1060	I	0	1	0	0	1	
1061	P	1	0	0	0	0	
1062	K	0	1	0	1	1	
1063	I	0	1	0	0	1	
1064	P	1	0	0	0	0	
1065	K	0	1	0	1	1	
1066	N	0	1	1	1	0	
1067	N	0	1	1	1	0	
1068	J	0	1	0	1	0	
1069	G	0	0	1	1	1	
1070	A	0	0	0	0	1	
1071	L	0	1	1	0	0	
1072	M	0	1	1	0	1	
1073	D	0	0	1	0	0	
1074	E	0	0	1	0	1	
1075	X	0	0	0	0	0	
1076	X	0	0	0	0	0	
1077	L	0	1	1	0	0	
1078	I	0	1	0	0	1	
1079	O	0	1	1	1	1	
1080	V	1	0	1	1	0	
1081	V	1	0	1	1	0	
1082	T	1	0	1	0	0	
1083	E	0	0	1	0	1	
1084	O	0	1	1	1	1	
1085	B	0	0	0	1	0	
1086	K	0	1	0	1	1	
1087	C	0	0	0	1	1	
1088	N	0	1	1	1	0	
1089	N	0	1	1	1	0	
1090	K	0	1	0	1	1	
1091	W	1	0	1	1	1	
1092	R	1	0	0	1	0	
1093	D	0	0	1	0	0	
1094	I	0	1	0	0	1	
1095	A	0	0	0	0	1	
1096	N	0	1	1	1	0	
1097	K	0	1	0	1	1	
1098	Z	1	1	0	0	0	
1099	Q	1	0	0	0	1	
1100	Z	1	1	0	0	0	
1101	Z	1	1	0	0	0	
1102	S	1	0	0	1	1	
1103	F	0	0	1	1	0	
1104	N	0	1	1	1	0	
1105	D	0	0	1	0	0	
1106	M	0	1	1	0	1	
1107	B	0	0	0	1	0	
1108	H	0	1	0	0	0	
1109	D	0	0	1	0	0	
1110	U	1	0	1	0	1	
1111	L	0	1	1	0	0	
1112	A	0	0	0	0	1	
1113	N	0	1	1	1	0	
1114	K	0	1	0	1	1	
1115	S	1	0	0	1	1	
1116	F	0	0	1	1	0	
1117	N	0	1	1	1	0	
1118	C	0	0	0	1	1	
1119	G	0	0	1	1	1	
1120	L	0	1	1	0	0	
1121	L	0	1	1	0	0	
1122	E	0	0	1	0	1	
1123	B	0	0	0	1	0	
1124	N	0	1	1	1	0	
1125	H	0	1	0	0	0	
1126	O	0	1	1	1	1	
1127	V	1	0	1	1	0	
1128	V	1	0	1	1	0	
1129	R	1	0	0	1	0	
1130	V	1	0	1	1	0	
1131	J	0	1	0	1	0	
1132	Z	1	1	0	0	0	
1133	T	1	0	1	0	0	
1134	E	0	0	1	0	1	
1135	O	0	1	1	1	1	
1136	B	0	0	0	1	0	
1137	K	0	1	0	1	1	
1138	D	0	0	1	0	0	
1139	I	0	1	0	0	1	
1140	B	0	0	0	1	0	
1141	K	0	1	0	1	1	
1142	C	0	0	0	1	1	
1143	L	0	1	1	0	0	
1144	I	0	1	0	0	1	
1145	U	1	0	1	0	1	
1146	Q	1	0	0	0	1	
1147	F	0	0	1	1	0	
1148	R	1	0	0	1	0	
1149	V	1	0	1	1	0	
1150	J	0	1	0	1	0	
1151	Z	1	1	0	0	0	
1152	S	1	0	0	1	1	
1153	Z	1	1	0	0	0	
1154	U	1	0	1	0	1	
1155	A	0	0	0	0	1	
1156	F	0	0	1	1	0	
1157	D	0	0	1	0	0	
1158	F	0	0	1	1	0	
1159	C	0	0	0	1	1	
1160	N	0	1	1	1	0	
1161	H	0	1	0	0	0	
1162	O	0	1	1	1	1	
1163	W	1	0	1	1	1	
1164	N	0	1	1	1	0	
1165	C	0	0	0	1	1	
1166	L	0	1	1	0	0	
1167	I	0	1	0	0	1	
1168	P	1	0	0	0	0	
1169	K	0	1	0	1	1	
1170	N	0	1	1	1	0	
1171	N	0	1	1	1	0	
1172	J	0	1	0	1	0	
1173	G	0	0	1	1	1	
1174	A	0	0	0	0	1	
1175	L	0	1	1	0	0	
1176	M	0	1	1	0	1	
1177	D	0	0	1	0	0	
1178	E	0	0	1	0	1	
1179	K	0	1	0	1	1	
1180	N	0	1	1	1	0	
1181	N	0	1	1	1	0	
1182	K	0	1	0	1	1	
1183	R	1	0	0	1	0	
1184	V	1	0	1	1	0	
1185	V	1	0	1	1	0	
1186	P	1	0	0	0	0	
1187	H	0	1	0	0	0	
1188	R	1	0	0	1	0	
1189	D	0	0	1	0	0	
1190	J	0	1	0	1	0	
1191	Z	1	1	0	0	0	
1192	Q	1	0	0	0	1	
1193	Z	1	1	0	0	0	
1194	V	1	0	1	1	0	
1195	O	0	1	1	1	1	
1196	U	1	0	1	0	1	
1197	I	0	1	0	0	1	
1198	L	0	1	1	0	0	
1199	L	0	1	1	0	0	
1200	J	0	1	0	1	0	
1201	F	0	0	1	1	0	
1202	C	0	0	0	1	1	
1203	N	0	1	1	1	0	
1204	N	0	1	1	1	0	
1205	D	0	0	1	0	0	
1206	M	0	1	1	0	1	
1207	B	0	0	0	1	0	
1208	H	0	1	0	0	0	
1209	X	0	0	0	0	0	
1210	X	0	0	0	0	0	
