Point	Label	1	2	3	4	5		
1	M	0	1	1	0	1		
2	D	0	0	1	0	0		
3	L	0	1	1	0	0		
4	U	1	0	1	0	1		
5	A	0	0	0	0	1		
6	F	0	0	1	1	0		
7	C	0	0	0	1	1		
8	L	0	1	1	0	0		
9	A	0	0	0	0	1		
10	F	0	0	1	1	0		
11	N	0	1	1	1	0		
12	N	0	1	1	1	0		
13	H	0	1	0	0	0		
14	D	0	0	1	0	0		
15	N	0	1	1	1	0		
16	N	0	1	1	1	0		
17	D	0	0	1	0	0		
18	L	0	1	1	0	0		
19	E	0	0	1	0	1		
20	R	1	0	0	1	0		
21	S	1	0	0	1	1		
22	F	0	0	1	1	0		
23	N	0	1	1	1	0		
24	D	0	0	1	0	0		
25	L	0	1	1	0	0		
26	E	0	0	1	0	1		
27	R	1	0	0	1	0		
28	V	1	0	1	1	0		
29	Z	1	1	0	0	0		
30	S	1	0	0	1	1		
31	F	0	0	1	1	0		
32	N	0	1	1	1	0		
33	D	0	0	1	0	0		
34	L	0	1	1	0	0		
35	E	0	0	1	0	1		
36	R	1	0	0	1	0		
37	U	1	0	1	0	1		
38	L	0	1	1	0	0		
39	A	0	0	0	0	1		
40	N	0	1	1	1	0		
41	K	0	1	0	1	1		
42	R	1	0	0	1	0		
43	V	1	0	1	1	0		
44	V	1	0	1	1	0		
45	O	0	1	1	1	1		
46	V	1	0	1	1	0		
47	K	0	1	0	1	1		
48	C	0	0	0	1	1		
49	S	1	0	0	1	1		
50	H	0	1	0	0	0		
51	R	1	0	0	1	0		
52	C	0	0	0	1	1		
53	S	1	0	0	1	1		
54	G	0	0	1	1	1		
55	O	0	1	1	1	1		
56	U	1	0	1	0	1		
57	I	0	1	0	0	1		
58	L	0	1	1	0	0		
59	L	0	1	1	0	0		
60	I	0	1	0	0	1		
61	U	1	0	1	0	1		
62	O	0	1	1	1	1		
63	B	0	0	0	1	0		
64	K	0	1	0	1	1		
65	C	0	0	0	1	1		
66	M	0	1	1	0	1		
67	D	0	0	1	0	0		
68	I	0	1	0	0	1		
69	A	0	0	0	0	1		
70	Q	1	0	0	0	1		
71	F	0	0	1	1	0		
72	R	1	0	0	1	0		
73	V	1	0	1	1	0		
74	K	0	1	0	1	1		
75	C	0	0	0	1	1		
76	L	0	1	1	0	0		
77	I	0	1	0	0	1		
78	U	1	0	1	0	1		
79	Q	1	0	0	0	1		
80	F	0	0	1	1	0		
81	S	1	0	0	1	1		
82	Z	1	1	0	0	0		
83	Z	1	1	0	0	0		
84	P	1	0	0	0	0		
85	K	0	1	0	1	1		
86	N	0	1	1	1	0		
87	N	0	1	1	1	0		
88	K	0	1	0	1	1		
89	S	1	0	0	1	1		
90	E	0	0	1	0	1		
91	R	1	0	0	1	0		
92	S	1	0	0	1	1		
93	E	0	0	1	0	1		
94	E	0	0	1	0	1		
95	R	1	0	0	1	0		
96	U	1	0	1	0	1		
97	L	0	1	1	0	0		
98	A	0	0	0	0	1		
99	N	0	1	1	1	0		
100	K	0	1	0	1	1		
101	T	1	0	1	0	0		
102	J	0	1	0	1	0		
103	G	0	0	1	1	1		
104	A	0	0	0	0	1		
105	L	0	1	1	0	0		
106	M	0	1	1	0	1		
107	D	0	0	1	0	0		
108	E	0	0	1	0	1		
109	I	0	1	0	0	1		
110	Q	1	0	0	0	1		
111	G	0	0	1	1	1		
112	L	0	1	1	0	0		
113	A	0	0	0	0	1		
114	F	0	0	1	1	0		
115	N	0	1	1	1	0		
116	N	0	1	1	1	0		
117	H	0	1	0	0	0		
118	D	0	0	1	0	0		
119	L	0	1	1	0	0		
120	N	0	1	1	1	0		
121	D	0	0	1	0	0		
122	M	0	1	1	0	1		
123	B	0	0	0	1	0		
124	H	0	1	0	0	0		
125	D	0	0	1	0	0		
126	U	1	0	1	0	1		
127	L	0	1	1	0	0		
128	B	0	0	0	1	0		
129	N	0	1	1	1	0		
130	W	1	0	1	1	1		
131	D	0	0	1	0	0		
132	U	1	0	1	0	1		
133	L	0	1	1	0	0		
134	B	0	0	0	1	0		
135	N	0	1	1	1	0		
136	V	1	0	1	1	0		
137	V	1	0	1	1	0		
138	O	0	1	1	1	1		
139	W	1	0	1	1	1		
140	R	1	0	0	1	0		
141	D	0	0	1	0	0		
142	I	0	1	0	0	1		
143	A	0	0	0	0	1		
144	N	0	1	1	1	0		
145	J	0	1	0	1	0		
146	H	0	1	0	0	0		
147	J	0	1	0	1	0		
148	G	0	0	1	1	1		
149	A	0	0	0	0	1		
150	L	0	1	1	0	0		
151	L	0	1	1	0	0		
152	B	0	0	0	1	0		
153	N	0	1	1	1	0		
154	N	0	1	1	1	0		
155	D	0	0	1	0	0		
156	L	0	1	1	0	0		
157	L	0	1	1	0	0		
158	B	0	0	0	1	0		
159	N	0	1	1	1	0		
160	L	0	1	1	0	0		
161	B	0	0	0	1	0		
162	N	0	1	1	1	0		
163	M	0	1	1	0	1		
164	A	0	0	0	0	1		
165	L	0	1	1	0	0		
166	L	0	1	1	0	0		
167	B	0	0	0	1	0		
168	B	0	0	0	1	0		
169	N	0	1	1	1	0		
170	M	0	1	1	0	1		
171	A	0	0	0	0	1		
172	M	0	1	1	0	1		
173	B	0	0	0	1	0		
174	H	0	1	0	0	0		
175	I	0	1	0	0	1		
176	L	0	1	1	0	0		
177	L	0	1	1	0	0		
178	J	0	1	0	1	0		
179	F	0	0	1	1	0		
180	D	0	0	1	0	0		
181	X	0	0	0	0	0		
182	X	0	0	0	0	0		
183	N	0	1	1	1	0		
184	K	0	1	0	1	1		
185	R	1	0	0	1	0		
186	V	1	0	1	1	0		
187	W	1	0	1	1	1		
188	W	1	0	1	1	1		
189	R	1	0	0	1	0		
190	B	0	0	0	1	0		
191	N	0	1	1	1	0		
192	N	0	1	1	1	0		
193	C	0	0	0	1	1		
194	Q	1	0	0	0	1		
195	S	1	0	0	1	1		
196	N	0	1	1	1	0		
197	W	1	0	1	1	1		
198	C	0	0	0	1	1		
199	H	0	1	0	0	0		
200	C	0	0	0	1	1		
201	G	0	0	1	1	1		
202	A	0	0	0	0	1		
203	N	0	1	1	1	0		
204	D	0	0	1	0	0		
205	L	0	1	1	0	0		
206	E	0	0	1	0	1		
207	R	1	0	0	1	0		
208	V	1	0	1	1	0		
209	V	1	0	1	1	0		
210	O	0	1	1	1	1		
211	V	1	0	1	1	0		
212	K	0	1	0	1	1		
213	D	0	0	1	0	0		
214	I	0	1	0	0	1		
215	B	0	0	0	1	0		
216	K	0	1	0	1	1		
217	C	0	0	0	1	1		
218	S	1	0	0	1	1		
219	H	0	1	0	0	0		
220	R	1	0	0	1	0		
221	D	0	0	1	0	0		
222	I	0	1	0	0	1		
223	A	0	0	0	0	1		
224	L	0	1	1	0	0		
225	L	0	1	1	0	0		
226	I	0	1	0	0	1		
227	U	1	0	1	0	1		
228	O	0	1	1	1	1		
229	B	0	0	0	1	0		
230	K	0	1	0	1	1		
231	C	0	0	0	1	1		
232	M	0	1	1	0	1		
233	D	0	0	1	0	0		
234	J	0	1	0	1	0		
235	Z	1	1	0	0	0		
236	S	1	0	0	1	1		
237	Z	1	1	0	0	0		
238	U	1	0	1	0	1		
239	A	0	0	0	0	1		
240	F	0	0	1	1	0		
241	C	0	0	0	1	1		
242	M	0	1	1	0	1		
243	C	0	0	0	1	1		
244	L	0	1	1	0	0		
245	A	0	0	0	0	1		
246	F	0	0	1	1	0		
247	N	0	1	1	1	0		
248	N	0	1	1	1	0		
249	H	0	1	0	0	0		
250	D	0	0	1	0	0		
251	L	0	1	1	0	0		
252	E	0	0	1	0	1		
253	R	1	0	0	1	0		
254	U	1	0	1	0	1		
255	L	0	1	1	0	0		
256	A	0	0	0	0	1		
257	N	0	1	1	1	0		
258	K	0	1	0	1	1		
259	T	1	0	1	0	0		
260	I	0	1	0	0	1		
261	L	0	1	1	0	0		
262	L	0	1	1	0	0		
263	I	0	1	0	0	1		
264	O	0	1	1	1	1		
265	W	1	0	1	1	1		
266	N	0	1	1	1	0		
267	C	0	0	0	1	1		
268	M	0	1	1	0	1		
269	D	0	0	1	0	0		
270	L	0	1	1	0	0		
271	U	1	0	1	0	1		
272	A	0	0	0	0	1		
273	F	0	0	1	1	0		
274	D	0	0	1	0	0		
275	F	0	0	1	1	0		
276	C	0	0	0	1	1		
277	N	0	1	1	1	0		
278	H	0	1	0	0	0		
279	P	1	0	0	0	0		
280	K	0	1	0	1	1		
281	N	0	1	1	1	0		
282	N	0	1	1	1	0		
283	J	0	1	0	1	0		
284	H	0	1	0	0	0		
285	J	0	1	0	1	0		
286	G	0	0	1	1	1		
287	A	0	0	0	0	1		
288	L	0	1	1	0	0		
289	L	0	1	1	0	0		
290	E	0	0	1	0	1		
291	B	0	0	0	1	0		
292	N	0	1	1	1	0		
293	H	0	1	0	0	0		
294	O	0	1	1	1	1		
295	W	1	0	1	1	1		
296	N	0	1	1	1	0		
297	C	0	0	0	1	1		
298	L	0	1	1	0	0		
299	J	0	1	0	1	0		
300	F	0	0	1	1	0		
301	C	0	0	0	1	1		
302	L	0	1	1	0	0		
303	E	0	0	1	0	1		
304	B	0	0	0	1	0		
305	N	0	1	1	1	0		
306	H	0	1	0	0	0		
307	O	0	1	1	1	1		
308	V	1	0	1	1	0		
309	V	1	0	1	1	0		
310	T	1	0	1	0	0		
311	E	0	0	1	0	1		
312	O	0	1	1	1	1		
313	B	0	0	0	1	0		
314	K	0	1	0	1	1		
315	C	0	0	0	1	1		
316	M	0	1	1	0	1		
317	C	0	0	0	1	1		
318	L	0	1	1	0	0		
319	J	0	1	0	1	0		
320	F	0	0	1	1	0		
321	C	0	0	0	1	1		
322	N	0	1	1	1	0		
323	N	0	1	1	1	0		
324	D	0	0	1	0	0		
325	L	0	1	1	0	0		
326	M	0	1	1	0	1		
327	C	0	0	0	1	1		
328	N	0	1	1	1	0		
329	N	0	1	1	1	0		
330	D	0	0	1	0	0		
331	L	0	1	1	0	0		
332	M	0	1	1	0	1		
333	D	0	0	1	0	0		
334	E	0	0	1	0	1		
335	K	0	1	0	1	1		
336	N	0	1	1	1	0		
337	N	0	1	1	1	0		
338	K	0	1	0	1	1		
339	W	1	0	1	1	1		
340	S	1	0	0	1	1		
341	G	0	0	1	1	1		
342	O	0	1	1	1	1		
343	U	1	0	1	0	1		
344	J	0	1	0	1	0		
345	H	0	1	0	0	0		
346	K	0	1	0	1	1		
347	Z	1	1	0	0	0		
348	Q	1	0	0	0	1		
349	V	1	0	1	1	0		
350	O	0	1	1	1	1		
351	V	1	0	1	1	0		
352	I	0	1	0	0	1		
353	A	0	0	0	0	1		
354	N	0	1	1	1	0		
355	J	0	1	0	1	0		
356	G	0	0	1	1	1		
357	F	0	0	1	1	0		
358	X	0	0	0	0	0		
359	X	0	0	0	0	0		
360	L	0	1	1	0	0		
361	J	0	1	0	1	0		
362	E	0	0	1	0	1		
363	K	0	1	0	1	1		
364	N	0	1	1	1	0		
365	N	0	1	1	1	0		
366	K	0	1	0	1	1		
367	R	1	0	0	1	0		
368	W	1	0	1	1	1		
369	C	0	0	0	1	1		
370	G	0	0	1	1	1		
371	A	0	0	0	0	1		
372	L	0	1	1	0	0		
373	E	0	0	1	0	1		
374	T	1	0	1	0	0		
375	I	0	1	0	0	1		
376	L	0	1	1	0	0		
377	L	0	1	1	0	0		
378	I	0	1	0	0	1		
379	O	0	1	1	1	1		
380	V	1	0	1	1	0		
381	V	1	0	1	1	0		
382	T	1	0	1	0	0		
383	E	0	0	1	0	1		
384	O	0	1	1	1	1		
385	B	0	0	0	1	0		
386	K	0	1	0	1	1		
387	C	0	0	0	1	1		
388	N	0	1	1	1	0		
389	N	0	1	1	1	0		
390	K	0	1	0	1	1		
391	W	1	0	1	1	1		
392	R	1	0	0	1	0		
393	D	0	0	1	0	0		
394	I	0	1	0	0	1		
395	A	0	0	0	0	1		
396	N	0	1	1	1	0		
397	J	0	1	0	1	0		
398	G	0	0	1	1	1		
399	A	0	0	0	0	1		
400	N	0	1	1	1	0		
401	C	0	0	0	1	1		
402	Q	1	0	0	0	1		
403	S	1	0	0	1	1		
404	N	0	1	1	1	0		
405	W	1	0	1	1	1		
406	C	0	0	0	1	1		
407	G	0	0	1	1	1		
408	A	0	0	0	0	1		
409	N	0	1	1	1	0		
410	C	0	0	0	1	1		
411	G	0	0	1	1	1		
412	L	0	1	1	0	0		
413	L	0	1	1	0	0		
414	E	0	0	1	0	1		
415	B	0	0	0	1	0		
416	N	0	1	1	1	0		
417	H	0	1	0	0	0		
418	O	0	1	1	1	1		
419	V	1	0	1	1	0		
420	V	1	0	1	1	0		
421	R	1	0	0	1	0		
422	V	1	0	1	1	0		
423	I	0	1	0	0	1		
424	A	0	0	0	0	1		
425	Q	1	0	0	0	1		
426	F	0	0	1	1	0		
427	S	1	0	0	1	1		
428	Z	1	1	0	0	0		
429	U	1	0	1	0	1		
430	A	0	0	0	0	1		
431	F	0	0	1	1	0		
432	C	0	0	0	1	1		
433	N	0	1	1	1	0		
434	H	0	1	0	0	0		
435	O	0	1	1	1	1		
436	W	1	0	1	1	1		
437	N	0	1	1	1	0		
438	C	0	0	0	1	1		
439	N	0	1	1	1	0		
440	N	0	1	1	1	0		
441	K	0	1	0	1	1		
442	R	1	0	0	1	0		
443	V	1	0	1	1	0		
444	V	1	0	1	1	0		
445	P	1	0	0	0	0		
446	H	0	1	0	0	0		
447	R	1	0	0	1	0		
448	D	0	0	1	0	0		
449	I	0	1	0	0	1		
450	A	0	0	0	0	1		
451	N	0	1	1	1	0		
452	K	0	1	0	1	1		
453	V	1	0	1	1	0		
454	J	0	1	0	1	0		
455	Z	1	1	0	0	0		
456	Q	1	0	0	0	1		
457	Z	1	1	0	0	0		
458	V	1	0	1	1	0		
459	O	0	1	1	1	1		
460	Z	1	1	0	0	0		
461	Q	1	0	0	0	1		
462	Z	1	1	0	0	0		
463	U	1	0	1	0	1		
464	L	0	1	1	0	0		
465	A	0	0	0	0	1		
466	N	0	1	1	1	0		
467	J	0	1	0	1	0		
468	G	0	0	1	1	1		
469	A	0	0	0	0	1		
470	L	0	1	1	0	0		
471	M	0	1	1	0	1		
472	D	0	0	1	0	0		
473	E	0	0	1	0	1		
474	I	0	1	0	0	1		
475	O	0	1	1	1	1		
476	V	1	0	1	1	0		
477	V	1	0	1	1	0		
478	T	1	0	1	0	0		
479	E	0	0	1	0	1		
480	P	1	0	0	0	0		
481	W	1	0	1	1	1		
482	K	0	1	0	1	1		
483	N	0	1	1	1	0		
484	N	0	1	1	1	0		
485	K	0	1	0	1	1		
486	W	1	0	1	1	1		
487	S	1	0	0	1	1		
488	G	0	0	1	1	1		
489	O	0	1	1	1	1		
490	U	1	0	1	0	1		
491	I	0	1	0	0	1		
492	L	0	1	1	0	0		
493	L	0	1	1	0	0		
494	J	0	1	0	1	0		
495	F	0	0	1	1	0		
496	D	0	0	1	0	0		
497	X	0	0	0	0	0		
