Point	Label	1	2	3	4	5	
1	L	0	1	1	0	0	
2	I	0	1	0	0	1	
3	Q	1	0	0	0	1	
4	G	0	0	1	1	1	
5	L	0	1	1	0	0	
6	A	0	0	0	0	1	
7	F	0	0	1	1	0	
8	N	0	1	1	1	0	
9	N	0	1	1	1	0	
10	H	0	1	0	0	0	
11	D	0	0	1	0	0	
12	L	0	1	1	0	0	
13	E	0	0	1	0	1	
14	R	1	0	0	1	0	
15	W	1	0	1	1	1	
16	C	0	0	0	1	1	
17	G	0	0	1	1	1	
18	A	0	0	0	0	1	
19	L	0	1	1	0	0	
20	E	0	0	1	0	1	
21	T	1	0	1	0	0	
22	I	0	1	0	0	1	
23	L	0	1	1	0	0	
24	M	0	1	1	0	1	
25	D	0	0	1	0	0	
26	L	0	1	1	0	0	
27	V	1	0	1	1	0	
28	V	1	0	1	1	0	
29	T	1	0	1	0	0	
30	E	0	0	1	0	1	
31	O	0	1	1	1	1	
32	B	0	0	0	1	0	
33	K	0	1	0	1	1	
34	C	0	0	0	1	1	
35	L	0	1	1	0	0	
36	I	0	1	0	0	1	
37	Z	1	1	0	0	0	
38	S	1	0	0	1	1	
39	Z	1	1	0	0	0	
40	Z	1	1	0	0	0	
41	Q	1	0	0	0	1	
42	G	0	0	1	1	1	
43	L	0	1	1	0	0	
44	B	0	0	0	1	0	
45	N	0	1	1	1	0	
46	H	0	1	0	0	0	
47	O	0	1	1	1	1	
48	V	1	0	1	1	0	
49	Z	1	1	0	0	0	
50	Z	1	1	0	0	0	
51	Q	1	0	0	0	1	
52	H	0	1	0	0	0	
53	O	0	1	1	1	1	
54	U	1	0	1	0	1	
55	A	0	0	0	0	1	
56	F	0	0	1	1	0	
57	C	0	0	0	1	1	
58	N	0	1	1	1	0	
59	H	0	1	0	0	0	
60	O	0	1	1	1	1	
61	W	1	0	1	1	1	
62	N	0	1	1	1	0	
63	C	0	0	0	1	1	
64	L	0	1	1	0	0	
65	I	0	1	0	0	1	
66	Q	1	0	0	0	1	
67	H	0	1	0	0	0	
68	O	0	1	1	1	1	
69	W	1	0	1	1	1	
70	N	0	1	1	1	0	
71	C	0	0	0	1	1	
72	L	0	1	1	0	0	
73	I	0	1	0	0	1	
74	K	0	1	0	1	1	
75	N	0	1	1	1	0	
76	L	0	1	1	0	0	
77	I	0	1	0	0	1	
78	Q	1	0	0	0	1	
79	H	0	1	0	0	0	
80	O	0	1	1	1	1	
81	W	1	0	1	1	1	
82	N	0	1	1	1	0	
83	C	0	0	0	1	1	
84	L	0	1	1	0	0	
85	I	0	1	0	0	1	
86	Q	1	0	0	0	1	
87	H	0	1	0	0	0	
88	P	1	0	0	0	0	
89	K	0	1	0	1	1	
90	L	0	1	1	0	0	
91	L	0	1	1	0	0	
92	I	0	1	0	0	1	
93	K	0	1	0	1	1	
94	L	0	1	1	0	0	
95	L	0	1	1	0	0	
96	I	0	1	0	0	1	
97	Q	1	0	0	0	1	
98	H	0	1	0	0	0	
99	O	0	1	1	1	1	
100	W	1	0	1	1	1	
101	N	0	1	1	1	0	
102	C	0	0	0	1	1	
103	L	0	1	1	0	0	
104	J	0	1	0	1	0	
105	F	0	0	1	1	0	
106	C	0	0	0	1	1	
107	L	0	1	1	0	0	
108	N	0	1	1	1	0	
109	N	0	1	1	1	0	
110	L	0	1	1	0	0	
111	N	0	1	1	1	0	
112	L	0	1	1	0	0	
113	N	0	1	1	1	0	
114	N	0	1	1	1	0	
115	N	0	1	1	1	0	
116	L	0	1	1	0	0	
117	N	0	1	1	1	0	
118	L	0	1	1	0	0	
119	L	0	1	1	0	0	
120	L	0	1	1	0	0	
121	N	0	1	1	1	0	
122	M	0	1	1	0	1	
123	B	0	0	0	1	0	
124	H	0	1	0	0	0	
125	I	0	1	0	0	1	
126	L	0	1	1	0	0	
127	M	0	1	1	0	1	
128	C	0	0	0	1	1	
129	N	0	1	1	1	0	
130	N	0	1	1	1	0	
131	K	0	1	0	1	1	
132	I	0	1	0	0	1	
133	N	0	1	1	1	0	
134	N	0	1	1	1	0	
135	I	0	1	0	0	1	
136	I	0	1	0	0	1	
137	L	0	1	1	0	0	
138	L	0	1	1	0	0	
139	N	0	1	1	1	0	
140	N	0	1	1	1	0	
141	I	0	1	0	0	1	
142	N	0	1	1	1	0	
143	N	0	1	1	1	0	
144	K	0	1	0	1	1	
145	T	1	0	1	0	0	
146	I	0	1	0	0	1	
147	M	0	1	1	0	1	
148	B	0	0	0	1	0	
149	N	0	1	1	1	0	
150	V	1	0	1	1	0	
151	V	1	0	1	1	0	
152	O	0	1	1	1	1	
153	V	1	0	1	1	0	
154	K	0	1	0	1	1	
155	C	0	0	0	1	1	
156	T	1	0	1	0	0	
157	U	1	0	1	0	1	
158	I	0	1	0	0	1	
159	L	0	1	1	0	0	
160	L	0	1	1	0	0	
161	I	0	1	0	0	1	
162	U	1	0	1	0	1	
163	O	0	1	1	1	1	
164	B	0	0	0	1	0	
165	J	0	1	0	1	0	
166	Z	1	1	0	0	0	
167	S	1	0	0	1	1	
168	V	1	0	1	1	0	
169	R	1	0	0	1	0	
170	Z	1	1	0	0	0	
171	S	1	0	0	1	1	
172	R	1	0	0	1	0	
173	Z	1	1	0	0	0	
174	S	1	0	0	1	1	
175	R	1	0	0	1	0	
176	W	1	0	1	1	1	
177	J	0	1	0	1	0	
178	F	0	0	1	1	0	
179	C	0	0	0	1	1	
180	N	0	1	1	1	0	
181	N	0	1	1	1	0	
182	D	0	0	1	0	0	
183	L	0	1	1	0	0	
184	L	0	1	1	0	0	
185	N	0	1	1	1	0	
186	N	0	1	1	1	0	
187	L	0	1	1	0	0	
188	L	0	1	1	0	0	
189	N	0	1	1	1	0	
190	N	0	1	1	1	0	
191	D	0	0	1	0	0	
192	L	0	1	1	0	0	
193	L	0	1	1	0	0	
194	B	0	0	0	1	0	
195	N	0	1	1	1	0	
196	M	0	1	1	0	1	
197	B	0	0	0	1	0	
198	H	0	1	0	0	0	
199	I	0	1	0	0	1	
200	L	0	1	1	0	0	
201	M	0	1	1	0	1	
202	C	0	0	0	1	1	
203	M	0	1	1	0	1	
204	C	0	0	0	1	1	
205	M	0	1	1	0	1	
206	C	0	0	0	1	1	
207	N	0	1	1	1	0	
208	M	0	1	1	0	1	
209	B	0	0	0	1	0	
210	K	0	1	0	1	1	
211	C	0	0	0	1	1	
212	S	1	0	0	1	1	
213	G	0	0	1	1	1	
214	X	0	0	0	0	0	
215	X	0	0	0	0	0	
216	M	0	1	1	0	1	
217	D	0	0	1	0	0	
218	L	0	1	1	0	0	
219	U	1	0	1	0	1	
220	A	0	0	0	0	1	
221	F	0	0	1	1	0	
222	C	0	0	0	1	1	
223	L	0	1	1	0	0	
224	B	0	0	0	1	0	
225	N	0	1	1	1	0	
226	G	0	0	1	1	1	
227	L	0	1	1	0	0	
228	A	0	0	0	0	1	
229	F	0	0	1	1	0	
230	N	0	1	1	1	0	
231	N	0	1	1	1	0	
232	H	0	1	0	0	0	
233	D	0	0	1	0	0	
234	L	0	1	1	0	0	
235	F	0	0	1	1	0	
236	N	0	1	1	1	0	
237	D	0	0	1	0	0	
238	L	0	1	1	0	0	
239	N	0	1	1	1	0	
240	D	0	0	1	0	0	
241	L	0	1	1	0	0	
242	F	0	0	1	1	0	
243	N	0	1	1	1	0	
244	D	0	0	1	0	0	
245	L	0	1	1	0	0	
246	F	0	0	1	1	0	
247	N	0	1	1	1	0	
248	D	0	0	1	0	0	
249	L	0	1	1	0	0	
250	F	0	0	1	1	0	
251	N	0	1	1	1	0	
252	D	0	0	1	0	0	
253	L	0	1	1	0	0	
254	N	0	1	1	1	0	
255	D	0	0	1	0	0	
256	L	0	1	1	0	0	
257	E	0	0	1	0	1	
258	R	1	0	0	1	0	
259	V	1	0	1	1	0	
260	V	1	0	1	1	0	
261	O	0	1	1	1	1	
262	V	1	0	1	1	0	
263	K	0	1	0	1	1	
264	C	0	0	0	1	1	
265	S	1	0	0	1	1	
266	G	0	0	1	1	1	
267	O	0	1	1	1	1	
268	V	1	0	1	1	0	
269	K	0	1	0	1	1	
270	C	0	0	0	1	1	
271	S	1	0	0	1	1	
272	G	0	0	1	1	1	
273	O	0	1	1	1	1	
274	V	1	0	1	1	0	
275	J	0	1	0	1	0	
276	Z	1	1	0	0	0	
277	P	1	0	0	0	0	
278	G	0	0	1	1	1	
279	O	0	1	1	1	1	
280	V	1	0	1	1	0	
281	J	0	1	0	1	0	
282	W	1	0	1	1	1	
283	S	1	0	0	1	1	
284	G	0	0	1	1	1	
285	O	0	1	1	1	1	
286	V	1	0	1	1	0	
287	I	0	1	0	0	1	
288	A	0	0	0	0	1	
289	L	0	1	1	0	0	
290	L	0	1	1	0	0	
291	I	0	1	0	0	1	
292	U	1	0	1	0	1	
293	O	0	1	1	1	1	
294	B	0	0	0	1	0	
295	K	0	1	0	1	1	
296	C	0	0	0	1	1	
297	L	0	1	1	0	0	
298	I	0	1	0	0	1	
299	U	1	0	1	0	1	
300	O	0	1	1	1	1	
301	B	0	0	0	1	0	
302	J	0	1	0	1	0	
303	Z	1	1	0	0	0	
304	S	1	0	0	1	1	
305	Z	1	1	0	0	0	
306	Z	1	1	0	0	0	
307	Q	1	0	0	0	1	
308	H	0	1	0	0	0	
309	P	1	0	0	0	0	
310	K	0	1	0	1	1	
311	N	0	1	1	1	0	
312	N	0	1	1	1	0	
313	K	0	1	0	1	1	
314	R	1	0	0	1	0	
315	V	1	0	1	1	0	
316	W	1	0	1	1	1	
317	U	1	0	1	0	1	
318	Q	1	0	0	0	1	
319	S	1	0	0	1	1	
320	N	0	1	1	1	0	
321	W	1	0	1	1	1	
322	C	0	0	0	1	1	
323	G	0	0	1	1	1	
324	A	0	0	0	0	1	
325	L	0	1	1	0	0	
326	E	0	0	1	0	1	
327	R	1	0	0	1	0	
328	U	1	0	1	0	1	
329	L	0	1	1	0	0	
330	A	0	0	0	0	1	
331	N	0	1	1	1	0	
332	K	0	1	0	1	1	
333	I	0	1	0	0	1	
334	L	0	1	1	0	0	
335	N	0	1	1	1	0	
336	J	0	1	0	1	0	
337	G	0	0	1	1	1	
338	A	0	0	0	0	1	
339	L	0	1	1	0	0	
340	M	0	1	1	0	1	
341	D	0	0	1	0	0	
342	E	0	0	1	0	1	
343	I	0	1	0	0	1	
344	O	0	1	1	1	1	
345	V	1	0	1	1	0	
346	V	1	0	1	1	0	
347	T	1	0	1	0	0	
348	E	0	0	1	0	1	
349	O	0	1	1	1	1	
350	B	0	0	0	1	0	
351	K	0	1	0	1	1	
352	I	0	1	0	0	1	
353	B	0	0	0	1	0	
354	J	0	1	0	1	0	
355	Z	1	1	0	0	0	
356	S	1	0	0	1	1	
357	R	1	0	0	1	0	
358	Z	1	1	0	0	0	
359	S	1	0	0	1	1	
360	R	1	0	0	1	0	
361	Z	1	1	0	0	0	
362	S	1	0	0	1	1	
363	R	1	0	0	1	0	
364	V	1	0	1	1	0	
365	K	0	1	0	1	1	
366	C	0	0	0	1	1	
367	L	0	1	1	0	0	
368	I	0	1	0	0	1	
369	Z	1	1	0	0	0	
370	S	1	0	0	1	1	
371	R	1	0	0	1	0	
372	W	1	0	1	1	1	
373	J	0	1	0	1	0	
374	F	0	0	1	1	0	
375	C	0	0	0	1	1	
376	N	0	1	1	1	0	
377	N	0	1	1	1	0	
378	D	0	0	1	0	0	
379	M	0	1	1	0	1	
380	B	0	0	0	1	0	
381	H	0	1	0	0	0	
382	J	0	1	0	1	0	
383	X	0	0	0	0	0	
384	X	0	0	0	0	0	
385	L	0	1	1	0	0	
386	J	0	1	0	1	0	
387	F	0	0	1	1	0	
388	C	0	0	0	1	1	
389	L	0	1	1	0	0	
390	E	0	0	1	0	1	
391	B	0	0	0	1	0	
392	N	0	1	1	1	0	
393	H	0	1	0	0	0	
394	O	0	1	1	1	1	
395	V	1	0	1	1	0	
396	U	1	0	1	0	1	
397	U	1	0	1	0	1	
398	O	0	1	1	1	1	
399	D	0	0	1	0	0	
400	L	0	1	1	0	0	
401	M	0	1	1	0	1	
402	D	0	0	1	0	0	
403	E	0	0	1	0	1	
404	I	0	1	0	0	1	
405	U	1	0	1	0	1	
406	O	0	1	1	1	1	
407	B	0	0	0	1	0	
408	J	0	1	0	1	0	
409	Z	1	1	0	0	0	
410	S	1	0	0	1	1	
411	Z	1	1	0	0	0	
412	Z	1	1	0	0	0	
413	Q	1	0	0	0	1	
414	G	0	0	1	1	1	
415	L	0	1	1	0	0	
416	B	0	0	0	1	0	
417	N	0	1	1	1	0	
418	H	0	1	0	0	0	
419	O	0	1	1	1	1	
420	U	1	0	1	0	1	
421	A	0	0	0	0	1	
422	F	0	0	1	1	0	
423	C	0	0	0	1	1	
424	N	0	1	1	1	0	
425	H	0	1	0	0	0	
426	O	0	1	1	1	1	
427	W	1	0	1	1	1	
428	N	0	1	1	1	0	
429	C	0	0	0	1	1	
430	L	0	1	1	0	0	
431	I	0	1	0	0	1	
432	O	0	1	1	1	1	
433	V	1	0	1	1	0	
434	V	1	0	1	1	0	
435	T	1	0	1	0	0	
436	E	0	0	1	0	1	
437	O	0	1	1	1	1	
438	B	0	0	0	1	0	
439	K	0	1	0	1	1	
440	C	0	0	0	1	1	
441	N	0	1	1	1	0	
442	M	0	1	1	0	1	
443	B	0	0	0	1	0	
444	K	0	1	0	1	1	
445	C	0	0	0	1	1	
446	S	1	0	0	1	1	
447	G	0	0	1	1	1	
448	O	0	1	1	1	1	
449	V	1	0	1	1	0	
450	K	0	1	0	1	1	
451	C	0	0	0	1	1	
452	T	1	0	1	0	0	
453	Z	1	1	0	0	0	
454	Q	1	0	0	0	1	
455	U	1	0	1	0	1	
456	O	0	1	1	1	1	
457	D	0	0	1	0	0	
458	L	0	1	1	0	0	
459	M	0	1	1	0	1	
460	C	0	0	0	1	1	
461	N	0	1	1	1	0	
462	N	0	1	1	1	0	
463	D	0	0	1	0	0	
464	L	0	1	1	0	0	
465	M	0	1	1	0	1	
466	C	0	0	0	1	1	
467	N	0	1	1	1	0	
468	N	0	1	1	1	0	
469	D	0	0	1	0	0	
470	L	0	1	1	0	0	
471	L	0	1	1	0	0	
472	B	0	0	0	1	0	
473	N	0	1	1	1	0	
474	M	0	1	1	0	1	
475	B	0	0	0	1	0	
476	H	0	1	0	0	0	
477	J	0	1	0	1	0	
478	H	0	1	0	0	0	
479	K	0	1	0	1	1	
480	Z	1	1	0	0	0	
481	Q	1	0	0	0	1	
482	Z	1	1	0	0	0	
483	Z	1	1	0	0	0	
484	S	1	0	0	1	1	
485	F	0	0	1	1	0	
486	N	0	1	1	1	0	
487	C	0	0	0	1	1	
488	G	0	0	1	1	1	
489	L	0	1	1	0	0	
490	N	0	1	1	1	0	
491	N	0	1	1	1	0	
492	N	0	1	1	1	0	
493	L	0	1	1	0	0	
494	N	0	1	1	1	0	
495	L	0	1	1	0	0	
496	L	0	1	1	0	0	
497	N	0	1	1	1	0	
498	N	0	1	1	1	0	
499	L	0	1	1	0	0	
500	L	0	1	1	0	0	
501	N	0	1	1	1	0	
502	M	0	1	1	0	1	
503	B	0	0	0	1	0	
504	H	0	1	0	0	0	
505	I	0	1	0	0	1	
506	L	0	1	1	0	0	
507	L	0	1	1	0	0	
508	K	0	1	0	1	1	
509	K	0	1	0	1	1	
510	N	0	1	1	1	0	
511	M	0	1	1	0	1	
512	B	0	0	0	1	0	
513	N	0	1	1	1	0	
514	W	1	0	1	1	1	
515	C	0	0	0	1	1	
516	G	0	0	1	1	1	
517	A	0	0	0	0	1	
518	L	0	1	1	0	0	
519	E	0	0	1	0	1	
520	R	1	0	0	1	0	
521	U	1	0	1	0	1	
522	L	0	1	1	0	0	
523	B	0	0	0	1	0	
524	N	0	1	1	1	0	
525	W	1	0	1	1	1	
526	D	0	0	1	0	0	
527	U	1	0	1	0	1	
528	W	1	0	1	1	1	
529	U	1	0	1	0	1	
530	L	0	1	1	0	0	
531	B	0	0	0	1	0	
532	N	0	1	1	1	0	
533	Z	1	1	0	0	0	
534	S	1	0	0	1	1	
535	E	0	0	1	0	1	
536	T	1	0	1	0	0	
537	X	0	0	0	0	0	
538	X	0	0	0	0	0	
539	L	0	1	1	0	0	
540	I	0	1	0	0	1	
541	Q	1	0	0	0	1	
542	G	0	0	1	1	1	
543	L	0	1	1	0	0	
544	A	0	0	0	0	1	
545	F	0	0	1	1	0	
546	N	0	1	1	1	0	
547	N	0	1	1	1	0	
548	H	0	1	0	0	0	
549	D	0	0	1	0	0	
550	L	0	1	1	0	0	
551	N	0	1	1	1	0	
552	D	0	0	1	0	0	
553	L	0	1	1	0	0	
554	F	0	0	1	1	0	
555	M	0	1	1	0	1	
556	B	0	0	0	1	0	
557	H	0	1	0	0	0	
558	D	0	0	1	0	0	
559	U	1	0	1	0	1	
560	M	0	1	1	0	1	
561	R	1	0	0	1	0	
562	O	0	1	1	1	1	
563	D	0	0	1	0	0	
564	L	0	1	1	0	0	
565	N	0	1	1	1	0	
566	N	0	1	1	1	0	
567	N	0	1	1	1	0	
568	D	0	0	1	0	0	
569	M	0	1	1	0	1	
570	B	0	0	0	1	0	
571	H	0	1	0	0	0	
572	I	0	1	0	0	1	
573	L	0	1	1	0	0	
574	M	0	1	1	0	1	
575	D	0	0	1	0	0	
576	I	0	1	0	0	1	
577	A	0	0	0	0	1	
578	Q	1	0	0	0	1	
579	E	0	0	1	0	1	
580	O	0	1	1	1	1	
581	A	0	0	0	0	1	
582	Q	1	0	0	0	1	
583	F	0	0	1	1	0	
584	S	1	0	0	1	1	
585	Z	1	1	0	0	0	
586	Z	1	1	0	0	0	
587	Q	1	0	0	0	1	
588	G	0	0	1	1	1	
589	M	0	1	1	0	1	
590	D	0	0	1	0	0	
591	E	0	0	1	0	1	
592	B	0	0	0	1	0	
593	W	1	0	1	1	1	
594	N	0	1	1	1	0	
595	C	0	0	0	1	1	
596	N	0	1	1	1	0	
597	N	0	1	1	1	0	
598	K	0	1	0	1	1	
599	R	1	0	0	1	0	
600	V	1	0	1	1	0	
601	V	1	0	1	1	0	
602	O	0	1	1	1	1	
603	V	1	0	1	1	0	
604	K	0	1	0	1	1	
605	C	0	0	0	1	1	
606	S	1	0	0	1	1	
607	G	0	0	1	1	1	
608	O	0	1	1	1	1	
609	W	1	0	1	1	1	
610	R	1	0	0	1	0	
611	D	0	0	1	0	0	
612	I	0	1	0	0	1	
613	A	0	0	0	0	1	
614	L	0	1	1	0	0	
615	L	0	1	1	0	0	
616	I	0	1	0	0	1	
617	V	1	0	1	1	0	
618	I	0	1	0	0	1	
619	A	0	0	0	0	1	
620	P	1	0	0	0	0	
621	W	1	0	1	1	1	
622	J	0	1	0	1	0	
623	F	0	0	1	1	0	
624	D	0	0	1	0	0	
625	E	0	0	1	0	1	
626	I	0	1	0	0	1	
627	Z	1	1	0	0	0	
628	S	1	0	0	1	1	
629	Z	1	1	0	0	0	
630	Z	1	1	0	0	0	
631	P	1	0	0	0	0	
632	K	0	1	0	1	1	
633	N	0	1	1	1	0	
634	N	0	1	1	1	0	
635	K	0	1	0	1	1	
636	S	1	0	0	1	1	
637	E	0	0	1	0	1	
638	R	1	0	0	1	0	
639	U	1	0	1	0	1	
640	L	0	1	1	0	0	
641	A	0	0	0	0	1	
642	N	0	1	1	1	0	
643	K	0	1	0	1	1	
644	I	0	1	0	0	1	
645	L	0	1	1	0	0	
646	L	0	1	1	0	0	
647	N	0	1	1	1	0	
648	N	0	1	1	1	0	
649	J	0	1	0	1	0	
650	G	0	0	1	1	1	
651	A	0	0	0	0	1	
652	L	0	1	1	0	0	
653	L	0	1	1	0	0	
654	M	0	1	1	0	1	
655	D	0	0	1	0	0	
656	E	0	0	1	0	1	
657	X	0	0	0	0	0	
658	X	0	0	0	0	0	
659	N	0	1	1	1	0	
660	K	0	1	0	1	1	
661	S	1	0	0	1	1	
662	F	0	0	1	1	0	
663	N	0	1	1	1	0	
664	C	0	0	0	1	1	
665	G	0	0	1	1	1	
666	L	0	1	1	0	0	
667	L	0	1	1	0	0	
668	E	0	0	1	0	1	
669	B	0	0	0	1	0	
670	N	0	1	1	1	0	
671	H	0	1	0	0	0	
672	O	0	1	1	1	1	
673	V	1	0	1	1	0	
674	V	1	0	1	1	0	
675	R	1	0	0	1	0	
676	V	1	0	1	1	0	
677	I	0	1	0	0	1	
678	A	0	0	0	0	1	
679	Q	1	0	0	0	1	
680	F	0	0	1	1	0	
681	R	1	0	0	1	0	
682	U	1	0	1	0	1	
683	O	0	1	1	1	1	
684	B	0	0	0	1	0	
685	K	0	1	0	1	1	
686	C	0	0	0	1	1	
687	N	0	1	1	1	0	
688	N	0	1	1	1	0	
689	K	0	1	0	1	1	
690	V	1	0	1	1	0	
691	I	0	1	0	0	1	
692	A	0	0	0	0	1	
693	N	0	1	1	1	0	
694	K	0	1	0	1	1	
695	W	1	0	1	1	1	
696	R	1	0	0	1	0	
697	D	0	0	1	0	0	
698	I	0	1	0	0	1	
699	A	0	0	0	0	1	
700	N	0	1	1	1	0	
701	K	0	1	0	1	1	
702	W	1	0	1	1	1	
703	S	1	0	0	1	1	
704	G	0	0	1	1	1	
705	O	0	1	1	1	1	
706	Z	1	1	0	0	0	
707	Q	1	0	0	0	1	
708	Z	1	1	0	0	0	
709	W	1	0	1	1	1	
710	C	0	0	0	1	1	
711	G	0	0	1	1	1	
712	A	0	0	0	0	1	
713	L	0	1	1	0	0	
714	E	0	0	1	0	1	
715	R	1	0	0	1	0	
716	U	1	0	1	0	1	
717	L	0	1	1	0	0	
718	A	0	0	0	0	1	
719	N	0	1	1	1	0	
720	K	0	1	0	1	1	
721	I	0	1	0	0	1	
722	L	0	1	1	0	0	
723	N	0	1	1	1	0	
724	K	0	1	0	1	1	
725	T	1	0	1	0	0	
726	I	0	1	0	0	1	
727	L	0	1	1	0	0	
728	L	0	1	1	0	0	
729	N	0	1	1	1	0	
730	N	0	1	1	1	0	
731	J	0	1	0	1	0	
732	G	0	0	1	1	1	
733	A	0	0	0	0	1	
734	L	0	1	1	0	0	
735	L	0	1	1	0	0	
736	M	0	1	1	0	1	
737	D	0	0	1	0	0	
738	E	0	0	1	0	1	
739	I	0	1	0	0	1	
740	O	0	1	1	1	1	
741	V	1	0	1	1	0	
742	U	1	0	1	0	1	
743	U	1	0	1	0	1	
744	O	0	1	1	1	1	
745	D	0	0	1	0	0	
746	L	0	1	1	0	0	
747	L	0	1	1	0	0	
748	N	0	1	1	1	0	
749	N	0	1	1	1	0	
750	D	0	0	1	0	0	
751	L	0	1	1	0	0	
752	M	0	1	1	0	1	
753	D	0	0	1	0	0	
754	E	0	0	1	0	1	
755	K	0	1	0	1	1	
756	N	0	1	1	1	0	
757	N	0	1	1	1	0	
758	J	0	1	0	1	0	
759	G	0	0	1	1	1	
760	A	0	0	0	0	1	
761	L	0	1	1	0	0	
762	L	0	1	1	0	0	
763	A	0	0	0	0	1	
764	S	1	0	0	1	1	
765	Q	1	0	0	0	1	
766	L	0	1	1	0	0	
767	U	1	0	1	0	1	
768	A	0	0	0	0	1	
769	F	0	0	1	1	0	
770	C	0	0	0	1	1	
771	N	0	1	1	1	0	
772	H	0	1	0	0	0	
773	O	0	1	1	1	1	
774	W	1	0	1	1	1	
775	N	0	1	1	1	0	
776	C	0	0	0	1	1	
777	X	0	0	0	0	0	
778	X	0	0	0	0	0	
779	L	0	1	1	0	0	
780	I	0	1	0	0	1	
781	Q	1	0	0	0	1	
782	G	0	0	1	1	1	
783	L	0	1	1	0	0	
784	A	0	0	0	0	1	
785	F	0	0	1	1	0	
786	N	0	1	1	1	0	
787	N	0	1	1	1	0	
788	H	0	1	0	0	0	
789	D	0	0	1	0	0	
790	L	0	1	1	0	0	
791	E	0	0	1	0	1	
792	R	1	0	0	1	0	
793	V	1	0	1	1	0	
794	V	1	0	1	1	0	
795	O	0	1	1	1	1	
796	V	1	0	1	1	0	
797	K	0	1	0	1	1	
798	C	0	0	0	1	1	
799	S	1	0	0	1	1	
800	G	0	0	1	1	1	
801	O	0	1	1	1	1	
802	W	1	0	1	1	1	
803	R	1	0	0	1	0	
804	D	0	0	1	0	0	
805	I	0	1	0	0	1	
806	A	0	0	0	0	1	
807	L	0	1	1	0	0	
808	L	0	1	1	0	0	
809	I	0	1	0	0	1	
810	U	1	0	1	0	1	
811	O	0	1	1	1	1	
812	B	0	0	0	1	0	
813	K	0	1	0	1	1	
814	C	0	0	0	1	1	
815	L	0	1	1	0	0	
816	I	0	1	0	0	1	
817	U	1	0	1	0	1	
818	O	0	1	1	1	1	
819	A	0	0	0	0	1	
820	Q	1	0	0	0	1	
821	F	0	0	1	1	0	
822	S	1	0	0	1	1	
823	Z	1	1	0	0	0	
824	Z	1	1	0	0	0	
825	Q	1	0	0	0	1	
826	G	0	0	1	1	1	
827	L	0	1	1	0	0	
828	B	0	0	0	1	0	
829	N	0	1	1	1	0	
830	H	0	1	0	0	0	
831	O	0	1	1	1	1	
832	V	1	0	1	1	0	
833	U	1	0	1	0	1	
834	U	1	0	1	0	1	
835	Q	1	0	0	0	1	
836	S	1	0	0	1	1	
837	L	0	1	1	0	0	
838	A	0	0	0	0	1	
839	N	0	1	1	1	0	
840	K	0	1	0	1	1	
841	S	1	0	0	1	1	
842	F	0	0	1	1	0	
843	M	0	1	1	0	1	
844	B	0	0	0	1	0	
845	H	0	1	0	0	0	
846	D	0	0	1	0	0	
847	U	1	0	1	0	1	
848	L	0	1	1	0	0	
849	A	0	0	0	0	1	
850	L	0	1	1	0	0	
851	L	0	1	1	0	0	
852	I	0	1	0	0	1	
853	O	0	1	1	1	1	
854	V	1	0	1	1	0	
855	U	1	0	1	0	1	
856	U	1	0	1	0	1	
857	O	0	1	1	1	1	
858	D	0	0	1	0	0	
859	N	0	1	1	1	0	
860	D	0	0	1	0	0	
861	L	0	1	1	0	0	
862	M	0	1	1	0	1	
863	D	0	0	1	0	0	
864	E	0	0	1	0	1	
865	I	0	1	0	0	1	
866	U	1	0	1	0	1	
867	Q	1	0	0	0	1	
868	F	0	0	1	1	0	
869	R	1	0	0	1	0	
870	V	1	0	1	1	0	
871	K	0	1	0	1	1	
872	C	0	0	0	1	1	
873	N	0	1	1	1	0	
874	N	0	1	1	1	0	
875	J	0	1	0	1	0	
876	G	0	0	1	1	1	
877	A	0	0	0	0	1	
878	N	0	1	1	1	0	
879	C	0	0	0	1	1	
880	Q	1	0	0	0	1	
881	S	1	0	0	1	1	
882	L	0	1	1	0	0	
883	A	0	0	0	0	1	
884	L	0	1	1	0	0	
885	M	0	1	1	0	1	
886	D	0	0	1	0	0	
887	L	0	1	1	0	0	
888	U	1	0	1	0	1	
889	A	0	0	0	0	1	
890	F	0	0	1	1	0	
891	C	0	0	0	1	1	
892	N	0	1	1	1	0	
893	H	0	1	0	0	0	
894	O	0	1	1	1	1	
895	W	1	0	1	1	1	
896	N	0	1	1	1	0	
897	C	0	0	0	1	1	
898	L	0	1	1	0	0	
899	J	0	1	0	1	0	
900	F	0	0	1	1	0	
901	C	0	0	0	1	1	
902	N	0	1	1	1	0	
903	N	0	1	1	1	0	
904	M	0	1	1	0	1	
905	B	0	0	0	1	0	
906	H	0	1	0	0	0	
907	X	0	0	0	0	0	
908	X	0	0	0	0	0	
909	M	0	1	1	0	1	
910	D	0	0	1	0	0	
911	L	0	1	1	0	0	
912	U	1	0	1	0	1	
913	B	0	0	0	1	0	
914	W	1	0	1	1	1	
915	N	0	1	1	1	0	
916	D	0	0	1	0	0	
917	M	0	1	1	0	1	
918	O	0	1	1	1	1	
919	R	1	0	0	1	0	
920	A	0	0	0	0	1	
921	T	1	0	1	0	0	
922	U	1	0	1	0	1	
923	V	1	0	1	1	0	
924	O	0	1	1	1	1	
925	V	1	0	1	1	0	
926	K	0	1	0	1	1	
927	C	0	0	0	1	1	
928	S	1	0	0	1	1	
929	G	0	0	1	1	1	
930	O	0	1	1	1	1	
931	W	1	0	1	1	1	
932	R	1	0	0	1	0	
933	D	0	0	1	0	0	
934	I	0	1	0	0	1	
935	A	0	0	0	0	1	
936	L	0	1	1	0	0	
937	L	0	1	1	0	0	
938	I	0	1	0	0	1	
939	U	1	0	1	0	1	
940	O	0	1	1	1	1	
941	B	0	0	0	1	0	
942	K	0	1	0	1	1	
943	C	0	0	0	1	1	
944	L	0	1	1	0	0	
945	I	0	1	0	0	1	
946	V	1	0	1	1	0	
947	K	0	1	0	1	1	
948	C	0	0	0	1	1	
949	N	0	1	1	1	0	
950	N	0	1	1	1	0	
951	K	0	1	0	1	1	
952	Z	1	1	0	0	0	
953	Q	1	0	0	0	1	
954	Z	1	1	0	0	0	
955	Z	1	1	0	0	0	
956	S	1	0	0	1	1	
957	F	0	0	1	1	0	
958	N	0	1	1	1	0	
959	C	0	0	0	1	1	
960	G	0	0	1	1	1	
961	L	0	1	1	0	0	
962	L	0	1	1	0	0	
963	E	0	0	1	0	1	
964	B	0	0	0	1	0	
965	N	0	1	1	1	0	
966	H	0	1	0	0	0	
967	O	0	1	1	1	1	
968	V	1	0	1	1	0	
969	V	1	0	1	1	0	
970	R	1	0	0	1	0	
971	V	1	0	1	1	0	
972	I	0	1	0	0	1	
973	A	0	0	0	0	1	
974	Q	1	0	0	0	1	
975	F	0	0	1	1	0	
976	S	1	0	0	1	1	
977	Z	1	1	0	0	0	
978	U	1	0	1	0	1	
979	A	0	0	0	0	1	
980	F	0	0	1	1	0	
981	C	0	0	0	1	1	
982	N	0	1	1	1	0	
983	H	0	1	0	0	0	
984	P	1	0	0	0	0	
985	K	0	1	0	1	1	
986	N	0	1	1	1	0	
987	N	0	1	1	1	0	
988	K	0	1	0	1	1	
989	R	1	0	0	1	0	
990	V	1	0	1	1	0	
991	U	1	0	1	0	1	
992	O	0	1	1	1	1	
993	D	0	0	1	0	0	
994	L	0	1	1	0	0	
995	L	0	1	1	0	0	
996	B	0	0	0	1	0	
997	M	0	1	1	0	1	
998	D	0	0	1	0	0	
999	E	0	0	1	0	1	
1000	K	0	1	0	1	1	
1001	N	0	1	1	1	0	
1002	N	0	1	1	1	0	
1003	J	0	1	0	1	0	
1004	G	0	0	1	1	1	
1005	A	0	0	0	0	1	
1006	N	0	1	1	1	0	
1007	C	0	0	0	1	1	
1008	Q	1	0	0	0	1	
1009	S	1	0	0	1	1	
1010	L	0	1	1	0	0	
1011	A	0	0	0	0	1	
1012	N	0	1	1	1	0	
1013	K	0	1	0	1	1	
1014	I	0	1	0	0	1	
1015	L	0	1	1	0	0	
1016	N	0	1	1	1	0	
1017	N	0	1	1	1	0	
1018	N	0	1	1	1	0	
1019	K	0	1	0	1	1	
1020	T	1	0	1	0	0	
1021	J	0	1	0	1	0	
1022	G	0	0	1	1	1	
1023	A	0	0	0	0	1	
1024	L	0	1	1	0	0	
1025	M	0	1	1	0	1	
1026	D	0	0	1	0	0	
1027	E	0	0	1	0	1	
1028	K	0	1	0	1	1	
1029	N	0	1	1	1	0	
1030	N	0	1	1	1	0	
1031	K	0	1	0	1	1	
1032	I	0	1	0	0	1	
1033	L	0	1	1	0	0	
1034	L	0	1	1	0	0	
1035	N	0	1	1	1	0	
1036	N	0	1	1	1	0	
1037	K	0	1	0	1	1	
1038	R	1	0	0	1	0	
1039	U	1	0	1	0	1	
1040	L	0	1	1	0	0	
1041	B	0	0	0	1	0	
1042	N	0	1	1	1	0	
1043	W	1	0	1	1	1	
1044	C	0	0	0	1	1	
1045	G	0	0	1	1	1	
1046	A	0	0	0	0	1	
1047	X	0	0	0	0	0	
1048	X	0	0	0	0	0	
1049	L	0	1	1	0	0	
1050	I	0	1	0	0	1	
1051	O	0	1	1	1	1	
1052	V	1	0	1	1	0	
1053	V	1	0	1	1	0	
1054	R	1	0	0	1	0	
1055	V	1	0	1	1	0	
1056	I	0	1	0	0	1	
1057	A	0	0	0	0	1	
1058	Q	1	0	0	0	1	
1059	F	0	0	1	1	0	
1060	R	1	0	0	1	0	
1061	W	1	0	1	1	1	
1062	K	0	1	0	1	1	
1063	N	0	1	1	1	0	
1064	N	0	1	1	1	0	
1065	K	0	1	0	1	1	
1066	W	1	0	1	1	1	
1067	R	1	0	0	1	0	
1068	D	0	0	1	0	0	
1069	I	0	1	0	0	1	
1070	A	0	0	0	0	1	
1071	L	0	1	1	0	0	
1072	M	0	1	1	0	1	
1073	D	0	0	1	0	0	
1074	I	0	1	0	0	1	
1075	A	0	0	0	0	1	
1076	Q	1	0	0	0	1	
1077	F	0	0	1	1	0	
1078	R	1	0	0	1	0	
1079	W	1	0	1	1	1	
1080	K	0	1	0	1	1	
1081	N	0	1	1	1	0	
1082	N	0	1	1	1	0	
1083	K	0	1	0	1	1	
1084	W	1	0	1	1	1	
1085	S	1	0	0	1	1	
1086	G	0	0	1	1	1	
1087	O	0	1	1	1	1	
1088	V	1	0	1	1	0	
1089	I	0	1	0	0	1	
1090	A	0	0	0	0	1	
1091	N	0	1	1	1	0	
1092	J	0	1	0	1	0	
1093	G	0	0	1	1	1	
1094	A	0	0	0	0	1	
1095	L	0	1	1	0	0	
1096	L	0	1	1	0	0	
1097	B	0	0	0	1	0	
1098	N	0	1	1	1	0	
1099	N	0	1	1	1	0	
1100	D	0	0	1	0	0	
1101	L	0	1	1	0	0	
1102	M	0	1	1	0	1	
1103	D	0	0	1	0	0	
1104	E	0	0	1	0	1	
1105	K	0	1	0	1	1	
1106	N	0	1	1	1	0	
1107	N	0	1	1	1	0	
1108	K	0	1	0	1	1	
1109	Z	1	1	0	0	0	
1110	Q	1	0	0	0	1	
1111	Z	1	1	0	0	0	
1112	Z	1	1	0	0	0	
1113	S	1	0	0	1	1	
1114	F	0	0	1	1	0	
1115	M	0	1	1	0	1	
1116	B	0	0	0	1	0	
1117	H	0	1	0	0	0	
1118	D	0	0	1	0	0	
1119	U	1	0	1	0	1	
1120	L	0	1	1	0	0	
1121	A	0	0	0	0	1	
1122	N	0	1	1	1	0	
1123	K	0	1	0	1	1	
1124	S	1	0	0	1	1	
1125	F	0	0	1	1	0	
1126	N	0	1	1	1	0	
1127	C	0	0	0	1	1	
1128	G	0	0	1	1	1	
1129	L	0	1	1	0	0	
1130	L	0	1	1	0	0	
1131	E	0	0	1	0	1	
1132	B	0	0	0	1	0	
1133	M	0	1	1	0	1	
1134	D	0	0	1	0	0	
1135	E	0	0	1	0	1	
1136	B	0	0	0	1	0	
1137	W	1	0	1	1	1	
1138	N	0	1	1	1	0	
1139	C	0	0	0	1	1	
1140	L	0	1	1	0	0	
1141	J	0	1	0	1	0	
1142	F	0	0	1	1	0	
1143	C	0	0	0	1	1	
1144	N	0	1	1	1	0	
1145	N	0	1	1	1	0	
1146	M	0	1	1	0	1	
1147	B	0	0	0	1	0	
1148	H	0	1	0	0	0	
1149	I	0	1	0	0	1	
1150	L	0	1	1	0	0	
1151	L	0	1	1	0	0	
1152	I	0	1	0	0	1	
1153	Q	1	0	0	0	1	
1154	G	0	0	1	1	1	
1155	X	0	0	0	0	0	
1156	X	0	0	0	0	0	
1157	L	0	1	1	0	0	
1158	I	0	1	0	0	1	
1159	O	0	1	1	1	1	
1160	V	1	0	1	1	0	
1161	V	1	0	1	1	0	
1162	R	1	0	0	1	0	
1163	V	1	0	1	1	0	
1164	I	0	1	0	0	1	
1165	A	0	0	0	0	1	
1166	Q	1	0	0	0	1	
1167	F	0	0	1	1	0	
1168	R	1	0	0	1	0	
1169	W	1	0	1	1	1	
1170	K	0	1	0	1	1	
1171	N	0	1	1	1	0	
1172	N	0	1	1	1	0	
1173	K	0	1	0	1	1	
1174	W	1	0	1	1	1	
1175	R	1	0	0	1	0	
1176	D	0	0	1	0	0	
1177	I	0	1	0	0	1	
1178	A	0	0	0	0	1	
1179	L	0	1	1	0	0	
1180	L	0	1	1	0	0	
1181	I	0	1	0	0	1	
1182	V	1	0	1	1	0	
1183	K	0	1	0	1	1	
1184	C	0	0	0	1	1	
1185	L	0	1	1	0	0	
1186	I	0	1	0	0	1	
1187	Z	1	1	0	0	0	
1188	S	1	0	0	1	1	
1189	Z	1	1	0	0	0	
1190	Z	1	1	0	0	0	
1191	Q	1	0	0	0	1	
1192	G	0	0	1	1	1	
1193	L	0	1	1	0	0	
1194	A	0	0	0	0	1	
1195	F	0	0	1	1	0	
1196	N	0	1	1	1	0	
1197	N	0	1	1	1	0	
1198	H	0	1	0	0	0	
1199	D	0	0	1	0	0	
1200	M	0	1	1	0	1	
1201	B	0	0	0	1	0	
1202	H	0	1	0	0	0	
1203	D	0	0	1	0	0	
1204	U	1	0	1	0	1	
1205	L	0	1	1	0	0	
1206	A	0	0	0	0	1	
1207	N	0	1	1	1	0	
1208	K	0	1	0	1	1	
1209	R	1	0	0	1	0	
1210	V	1	0	1	1	0	
1211	V	1	0	1	1	0	
1212	O	0	1	1	1	1	
1213	V	1	0	1	1	0	
1214	K	0	1	0	1	1	
1215	C	0	0	0	1	1	
1216	S	1	0	0	1	1	
1217	G	0	0	1	1	1	
1218	O	0	1	1	1	1	
1219	U	1	0	1	0	1	
1220	J	0	1	0	1	0	
1221	G	0	0	1	1	1	
1222	A	0	0	0	0	1	
1223	L	0	1	1	0	0	
1224	L	0	1	1	0	0	
1225	B	0	0	0	1	0	
1226	N	0	1	1	1	0	
1227	N	0	1	1	1	0	
1228	D	0	0	1	0	0	
1229	L	0	1	1	0	0	
1230	M	0	1	1	0	1	
1231	D	0	0	1	0	0	
1232	E	0	0	1	0	1	
1233	I	0	1	0	0	1	
1234	Z	1	1	0	0	0	
1235	S	1	0	0	1	1	
1236	Z	1	1	0	0	0	
1237	Z	1	1	0	0	0	
1238	Q	1	0	0	0	1	
1239	G	0	0	1	1	1	
1240	M	0	1	1	0	1	
1241	D	0	0	1	0	0	
1242	E	0	0	1	0	1	
1243	B	0	0	0	1	0	
1244	W	1	0	1	1	1	
1245	N	0	1	1	1	0	
1246	C	0	0	0	1	1	
1247	L	0	1	1	0	0	
1248	J	0	1	0	1	0	
1249	F	0	0	1	1	0	
1250	C	0	0	0	1	1	
1251	N	0	1	1	1	0	
1252	N	0	1	1	1	0	
1253	H	0	1	0	0	0	
1254	D	0	0	1	0	0	
1255	L	0	1	1	0	0	
1256	E	0	0	1	0	1	
1257	T	1	0	1	0	0	
1258	I	0	1	0	0	1	
1259	L	0	1	1	0	0	
1260	L	0	1	1	0	0	
1261	I	0	1	0	0	1	
1262	P	1	0	0	0	0	
1263	K	0	1	0	1	1	
1264	N	0	1	1	1	0	
1265	N	0	1	1	1	0	
1266	J	0	1	0	1	0	
1267	G	0	0	1	1	1	
1268	A	0	0	0	0	1	
1269	X	0	0	0	0	0	
1270	X	0	0	0	0	0	
