Point	Label	1	2	3	4	5
1	L	0	1	1	0	0
2	I	0	1	0	0	1
3	Q	1	0	0	0	1
4	G	0	0	1	1	1
5	L	0	1	1	0	0
6	B	0	0	0	1	0
7	N	0	1	1	1	0
8	H	0	1	0	0	0
9	O	0	1	1	1	1
10	V	1	0	1	1	0
11	V	1	0	1	1	0
12	R	1	0	0	1	0
13	U	1	0	1	0	1
14	O	0	1	1	1	1
15	B	0	0	0	1	0
16	K	0	1	0	1	1
17	C	0	0	0	1	1
18	N	0	1	1	1	0
19	N	0	1	1	1	0
20	K	0	1	0	1	1
21	W	1	0	1	1	1
22	R	1	0	0	1	0
23	D	0	0	1	0	0
24	I	0	1	0	0	1
25	A	0	0	0	0	1
26	N	0	1	1	1	0
27	K	0	1	0	1	1
28	W	1	0	1	1	1
29	S	1	0	0	1	1
30	G	0	0	1	1	1
31	Q	1	0	0	0	1
32	Z	1	1	0	0	0
33	Z	1	1	0	0	0
34	S	1	0	0	1	1
35	F	0	0	1	1	0
36	N	0	1	1	1	0
37	D	0	0	1	0	0
38	L	0	1	1	0	0
39	E	0	0	1	0	1
40	R	1	0	0	1	0
41	V	1	0	1	1	0
42	Z	1	1	0	0	0
43	Z	1	1	0	0	0
44	S	1	0	0	1	1
45	F	0	0	1	1	0
46	N	0	1	1	1	0
47	C	0	0	0	1	1
48	G	0	0	1	1	1
49	L	0	1	1	0	0
50	L	0	1	1	0	0
51	E	0	0	1	0	1
52	B	0	0	0	1	0
53	N	0	1	1	1	0
54	H	0	1	0	0	0
55	O	0	1	1	1	1
56	U	1	0	1	0	1
57	A	0	0	0	0	1
58	F	0	0	1	1	0
59	C	0	0	0	1	1
60	N	0	1	1	1	0
61	H	0	1	0	0	0
62	O	0	1	1	1	1
63	V	1	0	1	1	0
64	W	1	0	1	1	1
65	S	1	0	0	1	1
66	Q	1	0	0	0	1
67	L	0	1	1	0	0
68	U	1	0	1	0	1
69	B	0	0	0	1	0
70	W	1	0	1	1	1
71	N	0	1	1	1	0
72	C	0	0	0	1	1
73	L	0	1	1	0	0
74	I	0	1	0	0	1
75	Q	1	0	0	0	1
76	G	0	0	1	1	1
77	L	0	1	1	0	0
78	A	0	0	0	0	1
79	F	0	0	1	1	0
80	N	0	1	1	1	0
81	N	0	1	1	1	0
82	H	0	1	0	0	0
83	D	0	0	1	0	0
84	L	0	1	1	0	0
85	E	0	0	1	0	1
86	R	1	0	0	1	0
87	V	1	0	1	1	0
88	V	1	0	1	1	0
89	O	0	1	1	1	1
90	V	1	0	1	1	0
91	I	0	1	0	0	1
92	A	0	0	0	0	1
93	N	0	1	1	1	0
94	K	0	1	0	1	1
95	Z	1	1	0	0	0
96	Q	1	0	0	0	1
97	Z	1	1	0	0	0
98	U	1	0	1	0	1
99	L	0	1	1	0	0
100	A	0	0	0	0	1
101	N	0	1	1	1	0
102	K	0	1	0	1	1
103	S	1	0	0	1	1
104	F	0	0	1	1	0
105	N	0	1	1	1	0
106	D	0	0	1	0	0
107	L	0	1	1	0	0
108	F	0	0	1	1	0
109	N	0	1	1	1	0
110	D	0	0	1	0	0
111	L	0	1	1	0	0
112	F	0	0	1	1	0
113	N	0	1	1	1	0
114	D	0	0	1	0	0
115	L	0	1	1	0	0
116	F	0	0	1	1	0
117	N	0	1	1	1	0
118	D	0	0	1	0	0
119	L	0	1	1	0	0
120	F	0	0	1	1	0
121	N	0	1	1	1	0
122	D	0	0	1	0	0
123	L	0	1	1	0	0
124	E	0	0	1	0	1
125	R	1	0	0	1	0
126	W	1	0	1	1	1
127	C	0	0	0	1	1
128	G	0	0	1	1	1
129	A	0	0	0	0	1
130	L	0	1	1	0	0
131	E	0	0	1	0	1
132	R	1	0	0	1	0
133	V	1	0	1	1	0
134	V	1	0	1	1	0
135	O	0	1	1	1	1
136	U	1	0	1	0	1
137	I	0	1	0	0	1
138	L	0	1	1	0	0
139	L	0	1	1	0	0
140	I	0	1	0	0	1
141	U	1	0	1	0	1
142	O	0	1	1	1	1
143	B	0	0	0	1	0
144	K	0	1	0	1	1
145	C	0	0	0	1	1
146	L	0	1	1	0	0
147	I	0	1	0	0	1
148	V	1	0	1	1	0
149	K	0	1	0	1	1
150	C	0	0	0	1	1
151	L	0	1	1	0	0
152	I	0	1	0	0	1
153	Z	1	1	0	0	0
154	S	1	0	0	1	1
155	V	1	0	1	1	0
156	V	1	0	1	1	0
157	R	1	0	0	1	0
158	U	1	0	1	0	1
159	Q	1	0	0	0	1
160	F	0	0	1	1	0
161	R	1	0	0	1	0
162	V	1	0	1	1	0
163	K	0	1	0	1	1
164	C	0	0	0	1	1
165	L	0	1	1	0	0
166	I	0	1	0	0	1
167	Z	1	1	0	0	0
168	S	1	0	0	1	1
169	Z	1	1	0	0	0
170	V	1	0	1	1	0
171	R	1	0	0	1	0
172	W	1	0	1	1	1
173	K	0	1	0	1	1
174	N	0	1	1	1	0
175	N	0	1	1	1	0
176	J	0	1	0	1	0
177	G	0	0	1	1	1
178	A	0	0	0	0	1
179	L	0	1	1	0	0
180	L	0	1	1	0	0
181	B	0	0	0	1	0
182	N	0	1	1	1	0
183	N	0	1	1	1	0
184	D	0	0	1	0	0
185	L	0	1	1	0	0
186	L	0	1	1	0	0
187	B	0	0	0	1	0
188	N	0	1	1	1	0
189	N	0	1	1	1	0
190	C	0	0	0	1	1
191	Q	1	0	0	0	1
192	S	1	0	0	1	1
193	L	0	1	1	0	0
194	A	0	0	0	0	1
195	N	0	1	1	1	0
196	K	0	1	0	1	1
197	T	1	0	1	0	0
198	I	0	1	0	0	1
199	L	0	1	1	0	0
200	N	0	1	1	1	0
201	K	0	1	0	1	1
202	S	1	0	0	1	1
203	F	0	0	1	1	0
204	N	0	1	1	1	0
205	C	0	0	0	1	1
206	G	0	0	1	1	1
207	M	0	1	1	0	1
208	B	0	0	0	1	0
209	H	0	1	0	0	0
210	I	0	1	0	0	1
211	L	0	1	1	0	0
212	L	0	1	1	0	0
213	I	0	1	0	0	1
214	Q	1	0	0	0	1
215	G	0	0	1	1	1
216	L	0	1	1	0	0
217	A	0	0	0	0	1
218	F	0	0	1	1	0
219	M	0	1	1	0	1
220	D	0	0	1	0	0
221	E	0	0	1	0	1
222	K	0	1	0	1	1
223	N	0	1	1	1	0
224	N	0	1	1	1	0
225	K	0	1	0	1	1
226	R	1	0	0	1	0
227	V	1	0	1	1	0
228	V	1	0	1	1	0
229	O	0	1	1	1	1
230	U	1	0	1	0	1
231	I	0	1	0	0	1
232	L	0	1	1	0	0
233	L	0	1	1	0	0
234	J	0	1	0	1	0
235	F	0	0	1	1	0
236	D	0	0	1	0	0
237	X	0	0	0	0	0
238	X	0	0	0	0	0
239	L	0	1	1	0	0
240	J	0	1	0	1	0
241	F	0	0	1	1	0
242	C	0	0	0	1	1
243	L	0	1	1	0	0
244	E	0	0	1	0	1
245	B	0	0	0	1	0
246	N	0	1	1	1	0
247	H	0	1	0	0	0
248	O	0	1	1	1	1
249	U	1	0	1	0	1
250	A	0	0	0	0	1
251	F	0	0	1	1	0
252	C	0	0	0	1	1
253	N	0	1	1	1	0
254	H	0	1	0	0	0
255	O	0	1	1	1	1
256	W	1	0	1	1	1
257	N	0	1	1	1	0
258	C	0	0	0	1	1
259	L	0	1	1	0	0
260	I	0	1	0	0	1
261	Q	1	0	0	0	1
262	G	0	0	1	1	1
263	L	0	1	1	0	0
264	A	0	0	0	0	1
265	F	0	0	1	1	0
266	N	0	1	1	1	0
267	N	0	1	1	1	0
268	H	0	1	0	0	0
269	D	0	0	1	0	0
270	L	0	1	1	0	0
271	E	0	0	1	0	1
272	R	1	0	0	1	0
273	Z	1	1	0	0	0
274	S	1	0	0	1	1
275	E	0	0	1	0	1
276	R	1	0	0	1	0
277	V	1	0	1	1	0
278	W	1	0	1	1	1
279	W	1	0	1	1	1
280	S	1	0	0	1	1
281	Q	1	0	0	0	1
282	M	0	1	1	0	1
283	O	0	1	1	1	1
284	R	1	0	0	1	0
285	B	0	0	0	1	0
286	N	0	1	1	1	0
287	N	0	1	1	1	0
288	C	0	0	0	1	1
289	Q	1	0	0	0	1
290	R	1	0	0	1	0
291	R	1	0	0	1	0
292	O	0	1	1	1	1
293	D	0	0	1	0	0
294	L	0	1	1	0	0
295	M	0	1	1	0	1
296	D	0	0	1	0	0
297	E	0	0	1	0	1
298	I	0	1	0	0	1
299	U	1	0	1	0	1
300	O	0	1	1	1	1
301	B	0	0	0	1	0
302	K	0	1	0	1	1
303	C	0	0	0	1	1
304	L	0	1	1	0	0
305	I	0	1	0	0	1
306	U	1	0	1	0	1
307	O	0	1	1	1	1
308	A	0	0	0	0	1
309	Q	1	0	0	0	1
310	F	0	0	1	1	0
311	S	1	0	0	1	1
312	Z	1	1	0	0	0
313	V	1	0	1	1	0
314	V	1	0	1	1	0
315	V	1	0	1	1	0
316	R	1	0	0	1	0
317	V	1	0	1	1	0
318	K	0	1	0	1	1
319	C	0	0	0	1	1
320	N	0	1	1	1	0
321	N	0	1	1	1	0
322	K	0	1	0	1	1
323	W	1	0	1	1	1
324	R	1	0	0	1	0
325	D	0	0	1	0	0
326	I	0	1	0	0	1
327	A	0	0	0	0	1
328	N	0	1	1	1	0
329	K	0	1	0	1	1
330	W	1	0	1	1	1
331	R	1	0	0	1	0
332	D	0	0	1	0	0
333	J	0	1	0	1	0
334	Z	1	1	0	0	0
335	Q	1	0	0	0	1
336	O	0	1	1	1	1
337	V	1	0	1	1	0
338	K	0	1	0	1	1
339	C	0	0	0	1	1
340	S	1	0	0	1	1
341	G	0	0	1	1	1
342	O	0	1	1	1	1
343	V	1	0	1	1	0
344	I	0	1	0	0	1
345	A	0	0	0	0	1
346	N	0	1	1	1	0
347	K	0	1	0	1	1
348	Z	1	1	0	0	0
349	Q	1	0	0	0	1
350	Z	1	1	0	0	0
351	U	1	0	1	0	1
352	L	0	1	1	0	0
353	A	0	0	0	0	1
354	N	0	1	1	1	0
355	J	0	1	0	1	0
356	H	0	1	0	0	0
357	K	0	1	0	1	1
358	S	1	0	0	1	1
359	F	0	0	1	1	0
360	N	0	1	1	1	0
361	C	0	0	0	1	1
362	G	0	0	1	1	1
363	M	0	1	1	0	1
364	B	0	0	0	1	0
365	H	0	1	0	0	0
366	K	0	1	0	1	1
367	R	1	0	0	1	0
368	V	1	0	1	1	0
369	V	1	0	1	1	0
370	O	0	1	1	1	1
371	U	1	0	1	0	1
372	I	0	1	0	0	1
373	L	0	1	1	0	0
374	L	0	1	1	0	0
375	J	0	1	0	1	0
376	F	0	0	1	1	0
377	C	0	0	0	1	1
378	N	0	1	1	1	0
379	N	0	1	1	1	0
380	C	0	0	0	1	1
381	Q	1	0	0	0	1
382	S	1	0	0	1	1
383	N	0	1	1	1	0
384	W	1	0	1	1	1
385	C	0	0	0	1	1
386	G	0	0	1	1	1
387	A	0	0	0	0	1
388	L	0	1	1	0	0
389	E	0	0	1	0	1
390	R	1	0	0	1	0
391	V	1	0	1	1	0
392	V	1	0	1	1	0
393	O	0	1	1	1	1
394	V	1	0	1	1	0
395	I	0	1	0	0	1
396	A	0	0	0	0	1
397	N	0	1	1	1	0
398	K	0	1	0	1	1
399	Z	1	1	0	0	0
400	Q	1	0	0	0	1
401	Z	1	1	0	0	0
402	U	1	0	1	0	1
403	L	0	1	1	0	0
404	B	0	0	0	1	0
405	N	0	1	1	1	0
406	V	1	0	1	1	0
407	V	1	0	1	1	0
408	O	0	1	1	1	1
409	U	1	0	1	0	1
410	I	0	1	0	0	1
411	L	0	1	1	0	0
412	L	0	1	1	0	0
413	J	0	1	0	1	0
414	F	0	0	1	1	0
415	C	0	0	0	1	1
416	N	0	1	1	1	0
417	N	0	1	1	1	0
418	D	0	0	1	0	0
419	L	0	1	1	0	0
420	L	0	1	1	0	0
421	B	0	0	0	1	0
422	N	0	1	1	1	0
423	M	0	1	1	0	1
424	A	0	0	0	0	1
425	M	0	1	1	0	1
426	B	0	0	0	1	0
427	H	0	1	0	0	0
428	X	0	0	0	0	0
429	X	0	0	0	0	0
430	L	0	1	1	0	0
431	I	0	1	0	0	1
432	Q	1	0	0	0	1
433	G	0	0	1	1	1
434	L	0	1	1	0	0
435	A	0	0	0	0	1
436	F	0	0	1	1	0
437	N	0	1	1	1	0
438	N	0	1	1	1	0
439	H	0	1	0	0	0
440	D	0	0	1	0	0
441	L	0	1	1	0	0
442	E	0	0	1	0	1
443	R	1	0	0	1	0
444	V	1	0	1	1	0
445	W	1	0	1	1	1
446	W	1	0	1	1	1
447	S	1	0	0	1	1
448	Q	1	0	0	0	1
449	M	0	1	1	0	1
450	O	0	1	1	1	1
451	R	1	0	0	1	0
452	A	0	0	0	0	1
453	S	1	0	0	1	1
454	Q	1	0	0	0	1
455	L	0	1	1	0	0
456	U	1	0	1	0	1
457	A	0	0	0	0	1
458	F	0	0	1	1	0
459	C	0	0	0	1	1
460	N	0	1	1	1	0
461	H	0	1	0	0	0
462	O	0	1	1	1	1
463	V	1	0	1	1	0
464	V	1	0	1	1	0
465	R	1	0	0	1	0
466	V	1	0	1	1	0
467	I	0	1	0	0	1
468	A	0	0	0	0	1
469	Q	1	0	0	0	1
470	F	0	0	1	1	0
471	R	1	0	0	1	0
472	V	1	0	1	1	0
473	K	0	1	0	1	1
474	C	0	0	0	1	1
475	L	0	1	1	0	0
476	I	0	1	0	0	1
477	U	1	0	1	0	1
478	Q	1	0	0	0	1
479	F	0	0	1	1	0
480	R	1	0	0	1	0
481	V	1	0	1	1	0
482	K	0	1	0	1	1
483	C	0	0	0	1	1
484	N	0	1	1	1	0
485	N	0	1	1	1	0
486	K	0	1	0	1	1
487	W	1	0	1	1	1
488	R	1	0	0	1	0
489	D	0	0	1	0	0
490	I	0	1	0	0	1
491	A	0	0	0	0	1
492	N	0	1	1	1	0
493	K	0	1	0	1	1
494	W	1	0	1	1	1
495	R	1	0	0	1	0
496	C	0	0	0	1	1
497	S	1	0	0	1	1
498	G	0	0	1	1	1
499	O	0	1	1	1	1
500	V	1	0	1	1	0
501	I	0	1	0	0	1
502	A	0	0	0	0	1
503	N	0	1	1	1	0
504	K	0	1	0	1	1
505	Z	1	1	0	0	0
506	Q	1	0	0	0	1
507	Z	1	1	0	0	0
508	Z	1	1	0	0	0
509	S	1	0	0	1	1
510	E	0	0	1	0	1
511	R	1	0	0	1	0
512	W	1	0	1	1	1
513	C	0	0	0	1	1
514	G	0	0	1	1	1
515	A	0	0	0	0	1
516	N	0	1	1	1	0
517	D	0	0	1	0	0
518	L	0	1	1	0	0
519	E	0	0	1	0	1
520	R	1	0	0	1	0
521	V	1	0	1	1	0
522	V	1	0	1	1	0
523	O	0	1	1	1	1
524	U	1	0	1	0	1
525	J	0	1	0	1	0
526	G	0	0	1	1	1
527	A	0	0	0	0	1
528	L	0	1	1	0	0
529	L	0	1	1	0	0
530	A	0	0	0	0	1
531	S	1	0	0	1	1
532	Q	1	0	0	0	1
533	N	0	1	1	1	0
534	C	0	0	0	1	1
535	L	0	1	1	0	0
536	I	0	1	0	0	1
537	K	0	1	0	1	1
538	N	0	1	1	1	0
539	N	0	1	1	1	0
540	K	0	1	0	1	1
541	R	1	0	0	1	0
542	V	1	0	1	1	0
543	U	1	0	1	0	1
544	Q	1	0	0	0	1
545	S	1	0	0	1	1
546	N	0	1	1	1	0
547	W	1	0	1	1	1
548	C	0	0	0	1	1
549	G	0	0	1	1	1
550	A	0	0	0	0	1
551	L	0	1	1	0	0
552	E	0	0	1	0	1
553	R	1	0	0	1	0
554	U	1	0	1	0	1
555	L	0	1	1	0	0
556	A	0	0	0	0	1
557	N	0	1	1	1	0
558	K	0	1	0	1	1
559	S	1	0	0	1	1
560	F	0	0	1	1	0
561	N	0	1	1	1	0
562	C	0	0	0	1	1
563	G	0	0	1	1	1
564	L	0	1	1	0	0
565	M	0	1	1	0	1
566	D	0	0	1	0	0
567	E	0	0	1	0	1
568	K	0	1	0	1	1
569	N	0	1	1	1	0
570	N	0	1	1	1	0
571	J	0	1	0	1	0
572	G	0	0	1	1	1
573	A	0	0	0	0	1
574	L	0	1	1	0	0
575	L	0	1	1	0	0
576	E	0	0	1	0	1
577	B	0	0	0	1	0
578	N	0	1	1	1	0
579	H	0	1	0	0	0
580	O	0	1	1	1	1
581	V	1	0	1	1	0
582	V	1	0	1	1	0
583	R	1	0	0	1	0
584	V	1	0	1	1	0
585	K	0	1	0	1	1
586	C	0	0	0	1	1
587	L	0	1	1	0	0
588	I	0	1	0	0	1
589	Z	1	1	0	0	0
590	S	1	0	0	1	1
591	W	1	0	1	1	1
592	R	1	0	0	1	0
593	B	0	0	0	1	0
594	N	0	1	1	1	0
595	M	0	1	1	0	1
596	B	0	0	0	1	0
597	G	0	0	1	1	1
598	A	0	0	0	0	1
599	L	0	1	1	0	0
600	L	0	1	1	0	0
601	B	0	0	0	1	0
602	N	0	1	1	1	0
603	M	0	1	1	0	1
604	B	0	0	0	1	0
605	G	0	0	1	1	1
606	A	0	0	0	0	1
607	L	0	1	1	0	0
608	L	0	1	1	0	0
609	A	0	0	0	0	1
610	S	1	0	0	1	1
611	Q	1	0	0	0	1
612	L	0	1	1	0	0
613	U	1	0	1	0	1
614	A	0	0	0	0	1
615	F	0	0	1	1	0
616	C	0	0	0	1	1
617	N	0	1	1	1	0
618	H	0	1	0	0	0
619	O	0	1	1	1	1
620	V	1	0	1	1	0
621	V	1	0	1	1	0
622	R	1	0	0	1	0
623	W	1	0	1	1	1
624	K	0	1	0	1	1
625	N	0	1	1	1	0
626	N	0	1	1	1	0
627	K	0	1	0	1	1
628	Z	1	1	0	0	0
629	Q	1	0	0	0	1
630	U	1	0	1	0	1
631	O	0	1	1	1	1
632	D	0	0	1	0	0
633	L	0	1	1	0	0
634	M	0	1	1	0	1
635	D	0	0	1	0	0
636	E	0	0	1	0	1
637	X	0	0	0	0	0
638	X	0	0	0	0	0
639	L	0	1	1	0	0
640	I	0	1	0	0	1
641	Q	1	0	0	0	1
642	G	0	0	1	1	1
643	L	0	1	1	0	0
644	A	0	0	0	0	1
645	F	0	0	1	1	0
646	N	0	1	1	1	0
647	N	0	1	1	1	0
648	H	0	1	0	0	0
649	D	0	0	1	0	0
650	L	0	1	1	0	0
651	E	0	0	1	0	1
652	R	1	0	0	1	0
653	V	1	0	1	1	0
654	V	1	0	1	1	0
655	P	1	0	0	0	0
656	H	0	1	0	0	0
657	R	1	0	0	1	0
658	D	0	0	1	0	0
659	I	0	1	0	0	1
660	A	0	0	0	0	1
661	N	0	1	1	1	0
662	K	0	1	0	1	1
663	Z	1	1	0	0	0
664	Q	1	0	0	0	1
665	U	1	0	1	0	1
666	O	0	1	1	1	1
667	D	0	0	1	0	0
668	L	0	1	1	0	0
669	L	0	1	1	0	0
670	A	0	0	0	0	1
671	S	1	0	0	1	1
672	Q	1	0	0	0	1
673	L	0	1	1	0	0
674	U	1	0	1	0	1
675	A	0	0	0	0	1
676	F	0	0	1	1	0
677	C	0	0	0	1	1
678	N	0	1	1	1	0
679	H	0	1	0	0	0
680	O	0	1	1	1	1
681	W	1	0	1	1	1
682	N	0	1	1	1	0
683	C	0	0	0	1	1
684	L	0	1	1	0	0
685	I	0	1	0	0	1
686	Q	1	0	0	0	1
687	G	0	0	1	1	1
688	L	0	1	1	0	0
689	A	0	0	0	0	1
690	E	0	0	1	0	1
691	A	0	0	0	0	1
692	F	0	0	1	1	0
693	N	0	1	1	1	0
694	M	0	1	1	0	1
695	B	0	0	0	1	0
696	H	0	1	0	0	0
697	K	0	1	0	1	1
698	R	1	0	0	1	0
699	V	1	0	1	1	0
700	W	1	0	1	1	1
701	W	1	0	1	1	1
702	S	1	0	0	1	1
703	Q	1	0	0	0	1
704	N	0	1	1	1	0
705	C	0	0	0	1	1
706	N	0	1	1	1	0
707	N	0	1	1	1	0
708	K	0	1	0	1	1
709	R	1	0	0	1	0
710	V	1	0	1	1	0
711	V	1	0	1	1	0
712	O	0	1	1	1	1
713	V	1	0	1	1	0
714	Z	1	1	0	0	0
715	Q	1	0	0	0	1
716	Z	1	1	0	0	0
717	U	1	0	1	0	1
718	L	0	1	1	0	0
719	A	0	0	0	0	1
720	L	0	1	1	0	0
721	L	0	1	1	0	0
722	J	0	1	0	1	0
723	F	0	0	1	1	0
724	C	0	0	0	1	1
725	N	0	1	1	1	0
726	N	0	1	1	1	0
727	H	0	1	0	0	0
728	D	0	0	1	0	0
729	L	0	1	1	0	0
730	E	0	0	1	0	1
731	R	1	0	0	1	0
732	V	1	0	1	1	0
733	W	1	0	1	1	1
734	W	1	0	1	1	1
735	S	1	0	0	1	1
736	S	1	0	0	1	1
737	Q	1	0	0	0	1
738	L	0	1	1	0	0
739	U	1	0	1	0	1
740	B	0	0	0	1	0
741	W	1	0	1	1	1
742	N	0	1	1	1	0
743	C	0	0	0	1	1
744	N	0	1	1	1	0
745	N	0	1	1	1	0
746	K	0	1	0	1	1
747	R	1	0	0	1	0
748	V	1	0	1	1	0
749	W	1	0	1	1	1
750	W	1	0	1	1	1
751	R	1	0	0	1	0
752	B	0	0	0	1	0
753	N	0	1	1	1	0
754	M	0	1	1	0	1
755	B	0	0	0	1	0
756	H	0	1	0	0	0
757	K	0	1	0	1	1
758	W	1	0	1	1	1
759	R	1	0	0	1	0
760	D	0	0	1	0	0
761	J	0	1	0	1	0
762	Z	1	1	0	0	0
763	Q	1	0	0	0	1
764	U	1	0	1	0	1
765	O	0	1	1	1	1
766	D	0	0	1	0	0
767	L	0	1	1	0	0
768	M	0	1	1	0	1
769	D	0	0	1	0	0
770	E	0	0	1	0	1
771	K	0	1	0	1	1
772	N	0	1	1	1	0
773	M	0	1	1	0	1
774	A	0	0	0	0	1
775	L	0	1	1	0	0
776	L	0	1	1	0	0
777	I	0	1	0	0	1
778	V	1	0	1	1	0
779	K	0	1	0	1	1
780	C	0	0	0	1	1
781	L	0	1	1	0	0
782	I	0	1	0	0	1
783	U	1	0	1	0	1
784	O	0	1	1	1	1
785	B	0	0	0	1	0
786	K	0	1	0	1	1
787	C	0	0	0	1	1
788	L	0	1	1	0	0
789	I	0	1	0	0	1
790	U	1	0	1	0	1
791	Q	1	0	0	0	1
792	F	0	0	1	1	0
793	R	1	0	0	1	0
794	V	1	0	1	1	0
795	J	0	1	0	1	0
796	Z	1	1	0	0	0
797	S	1	0	0	1	1
798	Z	1	1	0	0	0
799	W	1	0	1	1	1
800	N	0	1	1	1	0
801	C	0	0	0	1	1
802	N	0	1	1	1	0
803	N	0	1	1	1	0
804	K	0	1	0	1	1
805	R	1	0	0	1	0
806	V	1	0	1	1	0
807	V	1	0	1	1	0
808	Z	1	1	0	0	0
809	W	1	0	1	1	1
810	C	0	0	0	1	1
811	G	0	0	1	1	1
812	A	0	0	0	0	1
813	X	0	0	0	0	0
814	X	0	0	0	0	0
815	L	0	1	1	0	0
816	I	0	1	0	0	1
817	O	0	1	1	1	1
818	V	1	0	1	1	0
819	V	1	0	1	1	0
820	R	1	0	0	1	0
821	V	1	0	1	1	0
822	K	0	1	0	1	1
823	C	0	0	0	1	1
824	L	0	1	1	0	0
825	I	0	1	0	0	1
826	U	1	0	1	0	1
827	O	0	1	1	1	1
828	B	0	0	0	1	0
829	K	0	1	0	1	1
830	C	0	0	0	1	1
831	L	0	1	1	0	0
832	I	0	1	0	0	1
833	Z	1	1	0	0	0
834	S	1	0	0	1	1
835	U	1	0	1	0	1
836	U	1	0	1	0	1
837	Q	1	0	0	0	1
838	S	1	0	0	1	1
839	N	0	1	1	1	0
840	W	1	0	1	1	1
841	C	0	0	0	1	1
842	G	0	0	1	1	1
843	A	0	0	0	0	1
844	N	0	1	1	1	0
845	C	0	0	0	1	1
846	G	0	0	1	1	1
847	L	0	1	1	0	0
848	L	0	1	1	0	0
849	E	0	0	1	0	1
850	B	0	0	0	1	0
851	N	0	1	1	1	0
852	H	0	1	0	0	0
853	O	0	1	1	1	1
854	V	1	0	1	1	0
855	V	1	0	1	1	0
856	T	1	0	1	0	0
857	E	0	0	1	0	1
858	O	0	1	1	1	1
859	B	0	0	0	1	0
860	K	0	1	0	1	1
861	C	0	0	0	1	1
862	L	0	1	1	0	0
863	I	0	1	0	0	1
864	Z	1	1	0	0	0
865	S	1	0	0	1	1
866	Z	1	1	0	0	0
867	V	1	0	1	1	0
868	R	1	0	0	1	0
869	V	1	0	1	1	0
870	K	0	1	0	1	1
871	C	0	0	0	1	1
872	M	0	1	1	0	1
873	C	0	0	0	1	1
874	N	0	1	1	1	0
875	N	0	1	1	1	0
876	K	0	1	0	1	1
877	W	1	0	1	1	1
878	R	1	0	0	1	0
879	D	0	0	1	0	0
880	I	0	1	0	0	1
881	A	0	0	0	0	1
882	N	0	1	1	1	0
883	K	0	1	0	1	1
884	Z	1	1	0	0	0
885	Q	1	0	0	0	1
886	Z	1	1	0	0	0
887	Z	1	1	0	0	0
888	S	1	0	0	1	1
889	F	0	0	1	1	0
890	N	0	1	1	1	0
891	C	0	0	0	1	1
892	G	0	0	1	1	1
893	L	0	1	1	0	0
894	M	0	1	1	0	1
895	D	0	0	1	0	0
896	E	0	0	1	0	1
897	K	0	1	0	1	1
898	N	0	1	1	1	0
899	M	0	1	1	0	1
900	B	0	0	0	1	0
901	N	0	1	1	1	0
902	W	1	0	1	1	1
903	C	0	0	0	1	1
904	G	0	0	1	1	1
905	A	0	0	0	0	1
906	L	0	1	1	0	0
907	E	0	0	1	0	1
908	R	1	0	0	1	0
909	U	1	0	1	0	1
910	L	0	1	1	0	0
911	A	0	0	0	0	1
912	N	0	1	1	1	0
913	K	0	1	0	1	1
914	S	1	0	0	1	1
915	E	0	0	1	0	1
916	R	1	0	0	1	0
917	U	1	0	1	0	1
918	L	0	1	1	0	0
919	A	0	0	0	0	1
920	N	0	1	1	1	0
921	K	0	1	0	1	1
922	S	1	0	0	1	1
923	F	0	0	1	1	0
924	N	0	1	1	1	0
925	C	0	0	0	1	1
926	G	0	0	1	1	1
927	M	0	1	1	0	1
928	B	0	0	0	1	0
929	H	0	1	0	0	0
930	I	0	1	0	0	1
931	L	0	1	1	0	0
932	L	0	1	1	0	0
933	I	0	1	0	0	1
934	O	0	1	1	1	1
935	V	1	0	1	1	0
936	V	1	0	1	1	0
937	Z	1	1	0	0	0
938	W	1	0	1	1	1
939	N	0	1	1	1	0
940	C	0	0	0	1	1
941	L	0	1	1	0	0
942	I	0	1	0	0	1
943	Q	1	0	0	0	1
944	G	0	0	1	1	1
945	L	0	1	1	0	0
946	B	0	0	0	1	0
947	N	0	1	1	1	0
948	H	0	1	0	0	0
949	O	0	1	1	1	1
950	V	1	0	1	1	0
951	U	1	0	1	0	1
952	A	0	0	0	0	1
953	F	0	0	1	1	0
954	C	0	0	0	1	1
955	M	0	1	1	0	1
956	C	0	0	0	1	1
957	N	0	1	1	1	0
958	H	0	1	0	0	0
959	O	0	1	1	1	1
960	V	1	0	1	1	0
961	W	1	0	1	1	1
962	R	1	0	0	1	0
963	B	0	0	0	1	0
964	N	0	1	1	1	0
965	N	0	1	1	1	0
966	D	0	0	1	0	0
967	L	0	1	1	0	0
968	M	0	1	1	0	1
969	D	0	0	1	0	0
970	E	0	0	1	0	1
971	K	0	1	0	1	1
972	N	0	1	1	1	0
973	N	0	1	1	1	0
974	K	0	1	0	1	1
975	Z	1	1	0	0	0
976	Q	1	0	0	0	1
977	Z	1	1	0	0	0
978	V	1	0	1	1	0
979	O	0	1	1	1	1
980	W	1	0	1	1	1
981	S	1	0	0	1	1
982	G	0	0	1	1	1
983	O	0	1	1	1	1
984	V	1	0	1	1	0
985	I	0	1	0	0	1
986	A	0	0	0	0	1
987	N	0	1	1	1	0
988	K	0	1	0	1	1
989	Z	1	1	0	0	0
990	Q	1	0	0	0	1
991	Z	1	1	0	0	0
992	V	1	0	1	1	0
993	V	1	0	1	1	0
994	O	0	1	1	1	1
995	U	1	0	1	0	1
996	J	0	1	0	1	0
997	G	0	0	1	1	1
998	X	0	0	0	0	0
999	X	0	0	0	0	0
1000	L	0	1	1	0	0
1001	I	0	1	0	0	1
1002	Q	1	0	0	0	1
1003	G	0	0	1	1	1
1004	L	0	1	1	0	0
1005	A	0	0	0	0	1
1006	E	0	0	1	0	1
1007	A	0	0	0	0	1
1008	F	0	0	1	1	0
1009	N	0	1	1	1	0
1010	N	0	1	1	1	0
1011	H	0	1	0	0	0
1012	D	0	0	1	0	0
1013	L	0	1	1	0	0
1014	E	0	0	1	0	1
1015	R	1	0	0	1	0
1016	W	1	0	1	1	1
1017	C	0	0	0	1	1
1018	G	0	0	1	1	1
1019	A	0	0	0	0	1
1020	M	0	1	1	0	1
1021	B	0	0	0	1	0
1022	H	0	1	0	0	0
1023	D	0	0	1	0	0
1024	U	1	0	1	0	1
1025	M	0	1	1	0	1
1026	R	1	0	0	1	0
1027	O	0	1	1	1	1
1028	C	0	0	0	1	1
1029	Q	1	0	0	0	1
1030	S	1	0	0	1	1
1031	N	0	1	1	1	0
1032	W	1	0	1	1	1
1033	D	0	0	1	0	0
1034	U	1	0	1	0	1
1035	M	0	1	1	0	1
1036	R	1	0	0	1	0
1037	O	0	1	1	1	1
1038	D	0	0	1	0	0
1039	L	0	1	1	0	0
1040	L	0	1	1	0	0
1041	A	0	0	0	0	1
1042	S	1	0	0	1	1
1043	Q	1	0	0	0	1
1044	N	0	1	1	1	0
1045	C	0	0	0	1	1
1046	L	0	1	1	0	0
1047	I	0	1	0	0	1
1048	Q	1	0	0	0	1
1049	G	0	0	1	1	1
1050	L	0	1	1	0	0
1051	A	0	0	0	0	1
1052	F	0	0	1	1	0
1053	M	0	1	1	0	1
1054	D	0	0	1	0	0
1055	E	0	0	1	0	1
1056	K	0	1	0	1	1
1057	N	0	1	1	1	0
1058	N	0	1	1	1	0
1059	K	0	1	0	1	1
1060	T	1	0	1	0	0
1061	I	0	1	0	0	1
1062	L	0	1	1	0	0
1063	L	0	1	1	0	0
1064	I	0	1	0	0	1
1065	Q	1	0	0	0	1
1066	G	0	0	1	1	1
1067	L	0	1	1	0	0
1068	B	0	0	0	1	0
1069	N	0	1	1	1	0
1070	H	0	1	0	0	0
1071	O	0	1	1	1	1
1072	V	1	0	1	1	0
1073	V	1	0	1	1	0
1074	R	1	0	0	1	0
1075	V	1	0	1	1	0
1076	I	0	1	0	0	1
1077	A	0	0	0	0	1
1078	Q	1	0	0	0	1
1079	F	0	0	1	1	0
1080	R	1	0	0	1	0
1081	V	1	0	1	1	0
1082	K	0	1	0	1	1
1083	C	0	0	0	1	1
1084	N	0	1	1	1	0
1085	N	0	1	1	1	0
1086	K	0	1	0	1	1
1087	W	1	0	1	1	1
1088	R	1	0	0	1	0
1089	D	0	0	1	0	0
1090	I	0	1	0	0	1
1091	B	0	0	0	1	0
1092	K	0	1	0	1	1
1093	C	0	0	0	1	1
1094	S	1	0	0	1	1
1095	G	0	0	1	1	1
1096	Q	1	0	0	0	1
1097	Z	1	1	0	0	0
1098	Z	1	1	0	0	0
1099	S	1	0	0	1	1
1100	E	0	0	1	0	1
1101	R	1	0	0	1	0
1102	V	1	0	1	1	0
1103	V	1	0	1	1	0
1104	O	0	1	1	1	1
1105	V	1	0	1	1	0
1106	I	0	1	0	0	1
1107	A	0	0	0	0	1
1108	N	0	1	1	1	0
1109	K	0	1	0	1	1
1110	Z	1	1	0	0	0
1111	Q	1	0	0	0	1
1112	Z	1	1	0	0	0
1113	V	1	0	1	1	0
1114	O	0	1	1	1	1
1115	U	1	0	1	0	1
1116	J	0	1	0	1	0
1117	G	0	0	1	1	1
1118	A	0	0	0	0	1
1119	L	0	1	1	0	0
1120	L	0	1	1	0	0
1121	B	0	0	0	1	0
1122	N	0	1	1	1	0
1123	M	0	1	1	0	1
1124	A	0	0	0	0	1
1125	L	0	1	1	0	0
1126	L	0	1	1	0	0
1127	B	0	0	0	1	0
1128	N	0	1	1	1	0
1129	M	0	1	1	0	1
1130	B	0	0	0	1	0
1131	H	0	1	0	0	0
1132	I	0	1	0	0	1
1133	L	0	1	1	0	0
1134	L	0	1	1	0	0
1135	I	0	1	0	0	1
1136	U	1	0	1	0	1
1137	Q	1	0	0	0	1
1138	F	0	0	1	1	0
1139	R	1	0	0	1	0
1140	V	1	0	1	1	0
1141	J	0	1	0	1	0
1142	Z	1	1	0	0	0
1143	S	1	0	0	1	1
1144	W	1	0	1	1	1
1145	R	1	0	0	1	0
1146	B	0	0	0	1	0
1147	N	0	1	1	1	0
1148	M	0	1	1	0	1
1149	A	0	0	0	0	1
1150	L	0	1	1	0	0
1151	M	0	1	1	0	1
1152	D	0	0	1	0	0
1153	E	0	0	1	0	1
1154	J	0	1	0	1	0
1155	F	0	0	1	1	0
1156	C	0	0	0	1	1
1157	L	0	1	1	0	0
1158	A	0	0	0	0	1
1159	S	1	0	0	1	1
1160	Q	1	0	0	0	1
1161	L	0	1	1	0	0
1162	U	1	0	1	0	1
1163	A	0	0	0	0	1
1164	F	0	0	1	1	0
1165	C	0	0	0	1	1
1166	N	0	1	1	1	0
1167	H	0	1	0	0	0
1168	O	0	1	1	1	1
1169	V	1	0	1	1	0
1170	W	1	0	1	1	1
1171	S	1	0	0	1	1
1172	Q	1	0	0	0	1
1173	N	0	1	1	1	0
1174	C	0	0	0	1	1
1175	M	0	1	1	0	1
1176	C	0	0	0	1	1
1177	N	0	1	1	1	0
1178	N	0	1	1	1	0
1179	K	0	1	0	1	1
1180	R	1	0	0	1	0
1181	V	1	0	1	1	0
1182	U	1	0	1	0	1
1183	Q	1	0	0	0	1
1184	S	1	0	0	1	1
1185	L	0	1	1	0	0
1186	A	0	0	0	0	1
1187	N	0	1	1	1	0
1188	K	0	1	0	1	1
1189	S	1	0	0	1	1
1190	E	0	0	1	0	1
1191	R	1	0	0	1	0
1192	U	1	0	1	0	1
1193	L	0	1	1	0	0
1194	A	0	0	0	0	1
1195	N	0	1	1	1	0
1196	K	0	1	0	1	1
1197	T	1	0	1	0	0
1198	I	0	1	0	0	1
1199	L	0	1	1	0	0
1200	L	0	1	1	0	0
1201	J	0	1	0	1	0
1202	F	0	0	1	1	0
1203	C	0	0	0	1	1
1204	N	0	1	1	1	0
1205	N	0	1	1	1	0
1206	H	0	1	0	0	0
1207	D	0	0	1	0	0
1208	L	0	1	1	0	0
1209	E	0	0	1	0	1
1210	R	1	0	0	1	0
1211	Z	1	1	0	0	0
1212	S	1	0	0	1	1
1213	E	0	0	1	0	1
1214	R	1	0	0	1	0
1215	V	1	0	1	1	0
1216	V	1	0	1	1	0
1217	O	0	1	1	1	1
1218	U	1	0	1	0	1
1219	I	0	1	0	0	1
1220	L	0	1	1	0	0
1221	L	0	1	1	0	0
1222	I	0	1	0	0	1
1223	U	1	0	1	0	1
1224	Q	1	0	0	0	1
1225	F	0	0	1	1	0
1226	S	1	0	0	1	1
1227	Z	1	1	0	0	0
1228	Z	1	1	0	0	0
1229	Q	1	0	0	0	1
1230	H	0	1	0	0	0
1231	O	0	1	1	1	1
1232	W	1	0	1	1	1
1233	N	0	1	1	1	0
1234	C	0	0	0	1	1
1235	N	0	1	1	1	0
1236	N	0	1	1	1	0
1237	J	0	1	0	1	0
1238	G	0	0	1	1	1
1239	A	0	0	0	0	1
1240	X	0	0	0	0	0
1241	X	0	0	0	0	0
1242	L	0	1	1	0	0
1243	I	0	1	0	0	1
1244	Q	1	0	0	0	1
1245	G	0	0	1	1	1
1246	L	0	1	1	0	0
1247	A	0	0	0	0	1
1248	E	0	0	1	0	1
1249	A	0	0	0	0	1
1250	F	0	0	1	1	0
1251	N	0	1	1	1	0
1252	N	0	1	1	1	0
1253	H	0	1	0	0	0
1254	D	0	0	1	0	0
1255	L	0	1	1	0	0
1256	E	0	0	1	0	1
1257	R	1	0	0	1	0
1258	V	1	0	1	1	0
1259	V	1	0	1	1	0
1260	O	0	1	1	1	1
1261	V	1	0	1	1	0
1262	K	0	1	0	1	1
1263	C	0	0	0	1	1
1264	S	1	0	0	1	1
1265	G	0	0	1	1	1
1266	O	0	1	1	1	1
1267	V	1	0	1	1	0
1268	I	0	1	0	0	1
1269	A	0	0	0	0	1
1270	L	0	1	1	0	0
1271	L	0	1	1	0	0
1272	I	0	1	0	0	1
1273	U	1	0	1	0	1
1274	O	0	1	1	1	1
1275	B	0	0	0	1	0
1276	K	0	1	0	1	1
1277	C	0	0	0	1	1
1278	L	0	1	1	0	0
1279	I	0	1	0	0	1
1280	U	1	0	1	0	1
1281	O	0	1	1	1	1
1282	A	0	0	0	0	1
1283	Q	1	0	0	0	1
1284	F	0	0	1	1	0
1285	R	1	0	0	1	0
1286	V	1	0	1	1	0
1287	J	0	1	0	1	0
1288	Z	1	1	0	0	0
1289	S	1	0	0	1	1
1290	Z	1	1	0	0	0
1291	Z	1	1	0	0	0
1292	Q	1	0	0	0	1
1293	G	0	0	1	1	1
1294	L	0	1	1	0	0
1295	B	0	0	0	1	0
1296	N	0	1	1	1	0
1297	H	0	1	0	0	0
1298	O	0	1	1	1	1
1299	V	1	0	1	1	0
1300	U	1	0	1	0	1
1301	Z	1	1	0	0	0
1302	Z	1	1	0	0	0
1303	S	1	0	0	1	1
1304	E	0	0	1	0	1
1305	R	1	0	0	1	0
1306	W	1	0	1	1	1
1307	C	0	0	0	1	1
1308	G	0	0	1	1	1
1309	A	0	0	0	0	1
1310	L	0	1	1	0	0
1311	E	0	0	1	0	1
1312	R	1	0	0	1	0
1313	U	1	0	1	0	1
1314	L	0	1	1	0	0
1315	A	0	0	0	0	1
1316	N	0	1	1	1	0
1317	K	0	1	0	1	1
1318	S	1	0	0	1	1
1319	E	0	0	1	0	1
1320	R	1	0	0	1	0
1321	V	1	0	1	1	0
1322	U	1	0	1	0	1
1323	Q	1	0	0	0	1
1324	S	1	0	0	1	1
1325	L	0	1	1	0	0
1326	A	0	0	0	0	1
1327	L	0	1	1	0	0
1328	L	0	1	1	0	0
1329	I	0	1	0	0	1
1330	O	0	1	1	1	1
1331	V	1	0	1	1	0
1332	V	1	0	1	1	0
1333	Z	1	1	0	0	0
1334	Z	1	1	0	0	0
1335	Q	1	0	0	0	1
1336	G	0	0	1	1	1
1337	L	0	1	1	0	0
1338	B	0	0	0	1	0
1339	N	0	1	1	1	0
1340	H	0	1	0	0	0
1341	O	0	1	1	1	1
1342	V	1	0	1	1	0
1343	U	1	0	1	0	1
1344	U	1	0	1	0	1
1345	O	0	1	1	1	1
1346	D	0	0	1	0	0
1347	L	0	1	1	0	0
1348	M	0	1	1	0	1
1349	D	0	0	1	0	0
1350	E	0	0	1	0	1
1351	K	0	1	0	1	1
1352	N	0	1	1	1	0
1353	N	0	1	1	1	0
1354	K	0	1	0	1	1
1355	Z	1	1	0	0	0
1356	Q	1	0	0	0	1
1357	U	1	0	1	0	1
1358	O	0	1	1	1	1
1359	D	0	0	1	0	0
1360	L	0	1	1	0	0
1361	M	0	1	1	0	1
1362	D	0	0	1	0	0
1363	E	0	0	1	0	1
1364	K	0	1	0	1	1
1365	N	0	1	1	1	0
1366	N	0	1	1	1	0
1367	K	0	1	0	1	1
1368	W	1	0	1	1	1
1369	S	1	0	0	1	1
1370	G	0	0	1	1	1
1371	O	0	1	1	1	1
1372	V	1	0	1	1	0
1373	I	0	1	0	0	1
1374	A	0	0	0	0	1
1375	N	0	1	1	1	0
1376	K	0	1	0	1	1
1377	Z	1	1	0	0	0
1378	Q	1	0	0	0	1
1379	Z	1	1	0	0	0
1380	Z	1	1	0	0	0
1381	S	1	0	0	1	1
1382	E	0	0	1	0	1
1383	R	1	0	0	1	0
1384	U	1	0	1	0	1
1385	L	0	1	1	0	0
1386	A	0	0	0	0	1
1387	N	0	1	1	1	0
1388	K	0	1	0	1	1
1389	S	1	0	0	1	1
1390	E	0	0	1	0	1
1391	R	1	0	0	1	0
1392	V	1	0	1	1	0
1393	V	1	0	1	1	0
1394	O	0	1	1	1	1
1395	U	1	0	1	0	1
1396	I	0	1	0	0	1
1397	L	0	1	1	0	0
1398	L	0	1	1	0	0
1399	I	0	1	0	0	1
1400	U	1	0	1	0	1
1401	Q	1	0	0	0	1
1402	F	0	0	1	1	0
1403	S	1	0	0	1	1
1404	Z	1	1	0	0	0
1405	U	1	0	1	0	1
1406	A	0	0	0	0	1
1407	F	0	0	1	1	0
1408	C	0	0	0	1	1
1409	N	0	1	1	1	0
1410	H	0	1	0	0	0
1411	O	0	1	1	1	1
1412	W	1	0	1	1	1
1413	N	0	1	1	1	0
1414	C	0	0	0	1	1
1415	L	0	1	1	0	0
1416	I	0	1	0	0	1
1417	Q	1	0	0	0	1
1418	G	0	0	1	1	1
1419	L	0	1	1	0	0
1420	A	0	0	0	0	1
1421	F	0	0	1	1	0
1422	N	0	1	1	1	0
1423	M	0	1	1	0	1
1424	B	0	0	0	1	0
1425	H	0	1	0	0	0
1426	J	0	1	0	1	0
1427	G	0	0	1	1	1
1428	A	0	0	0	0	1
1429	L	0	1	1	0	0
1430	L	0	1	1	0	0
1431	E	0	0	1	0	1
1432	B	0	0	0	1	0
1433	N	0	1	1	1	0
1434	H	0	1	0	0	0
1435	O	0	1	1	1	1
1436	W	1	0	1	1	1
1437	N	0	1	1	1	0
1438	C	0	0	0	1	1
1439	L	0	1	1	0	0
1440	J	0	1	0	1	0
1441	F	0	0	1	1	0
1442	C	0	0	0	1	1
1443	N	0	1	1	1	0
1444	N	0	1	1	1	0
1445	H	0	1	0	0	0
1446	D	0	0	1	0	0
1447	L	0	1	1	0	0
1448	E	0	0	1	0	1
1449	R	1	0	0	1	0
1450	V	1	0	1	1	0
1451	V	1	0	1	1	0
1452	O	0	1	1	1	1
1453	U	1	0	1	0	1
1454	I	0	1	0	0	1
1455	L	0	1	1	0	0
1456	L	0	1	1	0	0
1457	J	0	1	0	1	0
1458	F	0	0	1	1	0
1459	C	0	0	0	1	1
1460	N	0	1	1	1	0
1461	N	0	1	1	1	0
1462	D	0	0	1	0	0
1463	L	0	1	1	0	0
1464	M	0	1	1	0	1
1465	D	0	0	1	0	0
1466	E	0	0	1	0	1
1467	K	0	1	0	1	1
1468	N	0	1	1	1	0
1469	N	0	1	1	1	0
1470	K	0	1	0	1	1
1471	Z	1	1	0	0	0
1472	Q	1	0	0	0	1
1473	Z	1	1	0	0	0
1474	U	1	0	1	0	1
1475	L	0	1	1	0	0
1476	B	0	0	0	1	0
1477	N	0	1	1	1	0
1478	V	1	0	1	1	0
1479	V	1	0	1	1	0
1480	O	0	1	1	1	1
1481	U	1	0	1	0	1
1482	I	0	1	0	0	1
1483	L	0	1	1	0	0
1484	L	0	1	1	0	0
1485	I	0	1	0	0	1
1486	Z	1	1	0	0	0
1487	S	1	0	0	1	1
1488	Z	1	1	0	0	0
1489	W	1	0	1	1	1
1490	N	0	1	1	1	0
1491	C	0	0	0	1	1
1492	M	0	1	1	0	1
1493	D	0	0	1	0	0
1494	L	0	1	1	0	0
1495	V	1	0	1	1	0
1496	V	1	0	1	1	0
1497	R	1	0	0	1	0
1498	W	1	0	1	1	1
1499	K	0	1	0	1	1
1500	N	0	1	1	1	0
1501	N	0	1	1	1	0
1502	K	0	1	0	1	1
1503	Z	1	1	0	0	0
1504	Q	1	0	0	0	1
1505	U	1	0	1	0	1
1506	O	0	1	1	1	1
1507	D	0	0	1	0	0
1508	L	0	1	1	0	0
1509	M	0	1	1	0	1
1510	D	0	0	1	0	0
1511	E	0	0	1	0	1
1512	K	0	1	0	1	1
1513	N	0	1	1	1	0
1514	N	0	1	1	1	0
1515	K	0	1	0	1	1
1516	Z	1	1	0	0	0
1517	Q	1	0	0	0	1
1518	Z	1	1	0	0	0
1519	U	1	0	1	0	1
1520	L	0	1	1	0	0
1521	A	0	0	0	0	1
1522	N	0	1	1	1	0
1523	K	0	1	0	1	1
1524	R	1	0	0	1	0
1525	V	1	0	1	1	0
1526	V	1	0	1	1	0
1527	O	0	1	1	1	1
1528	V	1	0	1	1	0
1529	I	0	1	0	0	1
1530	A	0	0	0	0	1
1531	N	0	1	1	1	0
1532	K	0	1	0	1	1
1533	Z	1	1	0	0	0
1534	Q	1	0	0	0	1
1535	U	1	0	1	0	1
1536	O	0	1	1	1	1
1537	D	0	0	1	0	0
1538	L	0	1	1	0	0
1539	L	0	1	1	0	0
1540	B	0	0	0	1	0
1541	N	0	1	1	1	0
1542	N	0	1	1	1	0
1543	D	0	0	1	0	0
1544	L	0	1	1	0	0
1545	M	0	1	1	0	1
1546	D	0	0	1	0	0
1547	E	0	0	1	0	1
1548	K	0	1	0	1	1
1549	N	0	1	1	1	0
1550	N	0	1	1	1	0
1551	K	0	1	0	1	1
1552	Z	1	1	0	0	0
1553	Q	1	0	0	0	1
1554	Z	1	1	0	0	0
1555	U	1	0	1	0	1
1556	L	0	1	1	0	0
1557	A	0	0	0	0	1
1558	L	0	1	1	0	0
1559	L	0	1	1	0	0
1560	I	0	1	0	0	1
1561	O	0	1	1	1	1
1562	V	1	0	1	1	0
1563	V	1	0	1	1	0
1564	R	1	0	0	1	0
1565	V	1	0	1	1	0
1566	K	0	1	0	1	1
1567	C	0	0	0	1	1
1568	N	0	1	1	1	0
1569	N	0	1	1	1	0
1570	K	0	1	0	1	1
1571	Z	1	1	0	0	0
1572	Q	1	0	0	0	1
1573	O	0	1	1	1	1
1574	V	1	0	1	1	0
1575	I	0	1	0	0	1
1576	A	0	0	0	0	1
1577	N	0	1	1	1	0
1578	J	0	1	0	1	0
1579	G	0	0	1	1	1
1580	F	0	0	1	1	0
1581	X	0	0	0	0	0
