Point	Label	1	2	3	4	5
1	L	0	1	1	0	0
2	I	0	1	0	0	1
3	O	0	1	1	1	1
4	V	1	0	1	1	0
5	V	1	0	1	1	0
6	R	1	0	0	1	0
7	V	1	0	1	1	0
8	I	0	1	0	0	1
9	A	0	0	0	0	1
10	Q	1	0	0	0	1
11	F	0	0	1	1	0
12	R	1	0	0	1	0
13	V	1	0	1	1	0
14	K	0	1	0	1	1
15	C	0	0	0	1	1
16	N	0	1	1	1	0
17	N	0	1	1	1	0
18	K	0	1	0	1	1
19	W	1	0	1	1	1
20	R	1	0	0	1	0
21	D	0	0	1	0	0
22	I	0	1	0	0	1
23	A	0	0	0	0	1
24	N	0	1	1	1	0
25	K	0	1	0	1	1
26	W	1	0	1	1	1
27	R	1	0	0	1	0
28	D	0	0	1	0	0
29	I	0	1	0	0	1
30	B	0	0	0	1	0
31	J	0	1	0	1	0
32	Z	1	1	0	0	0
33	Q	1	0	0	0	1
34	Z	1	1	0	0	0
35	W	1	0	1	1	1
36	C	0	0	0	1	1
37	G	0	0	1	1	1
38	A	0	0	0	0	1
39	N	0	1	1	1	0
40	C	0	0	0	1	1
41	G	0	0	1	1	1
42	M	0	1	1	0	1
43	B	0	0	0	1	0
44	H	0	1	0	0	0
45	J	0	1	0	1	0
46	H	0	1	0	0	0
47	K	0	1	0	1	1
48	S	1	0	0	1	1
49	F	0	0	1	1	0
50	L	0	1	1	0	0
51	L	0	1	1	0	0
52	E	0	0	1	0	1
53	R	1	0	0	1	0
54	U	1	0	1	0	1
55	L	0	1	1	0	0
56	A	0	0	0	0	1
57	N	0	1	1	1	0
58	K	0	1	0	1	1
59	S	1	0	0	1	1
60	F	0	0	1	1	0
61	N	0	1	1	1	0
62	C	0	0	0	1	1
63	G	0	0	1	1	1
64	L	0	1	1	0	0
65	L	0	1	1	0	0
66	E	0	0	1	0	1
67	B	0	0	0	1	0
68	N	0	1	1	1	0
69	G	0	0	1	1	1
70	L	0	1	1	0	0
71	B	0	0	0	1	0
72	N	0	1	1	1	0
73	H	0	1	0	0	0
74	O	0	1	1	1	1
75	V	1	0	1	1	0
76	V	1	0	1	1	0
77	R	1	0	0	1	0
78	W	1	0	1	1	1
79	J	0	1	0	1	0
80	F	0	0	1	1	0
81	C	0	0	0	1	1
82	L	0	1	1	0	0
83	A	0	0	0	0	1
84	S	1	0	0	1	1
85	Q	1	0	0	0	1
86	L	0	1	1	0	0
87	U	1	0	1	0	1
88	A	0	0	0	0	1
89	F	0	0	1	1	0
90	C	0	0	0	1	1
91	N	0	1	1	1	0
92	H	0	1	0	0	0
93	O	0	1	1	1	1
94	W	1	0	1	1	1
95	N	0	1	1	1	0
96	C	0	0	0	1	1
97	L	0	1	1	0	0
98	I	0	1	0	0	1
99	Q	1	0	0	0	1
100	G	0	0	1	1	1
101	L	0	1	1	0	0
102	A	0	0	0	0	1
103	F	0	0	1	1	0
104	M	0	1	1	0	1
105	D	0	0	1	0	0
106	E	0	0	1	0	1
107	K	0	1	0	1	1
108	N	0	1	1	1	0
109	N	0	1	1	1	0
110	K	0	1	0	1	1
111	R	1	0	0	1	0
112	V	1	0	1	1	0
113	V	1	0	1	1	0
114	P	1	0	0	0	0
115	H	0	1	0	0	0
116	T	1	0	1	0	0
117	U	1	0	1	0	1
118	J	0	1	0	1	0
119	G	0	0	1	1	1
120	X	0	0	0	0	0
121	X	0	0	0	0	0
122	L	0	1	1	0	0
123	I	0	1	0	0	1
124	Q	1	0	0	0	1
125	G	0	0	1	1	1
126	L	0	1	1	0	0
127	A	0	0	0	0	1
128	F	0	0	1	1	0
129	N	0	1	1	1	0
130	N	0	1	1	1	0
131	H	0	1	0	0	0
132	D	0	0	1	0	0
133	L	0	1	1	0	0
134	E	0	0	1	0	1
135	R	1	0	0	1	0
136	V	1	0	1	1	0
137	V	1	0	1	1	0
138	P	1	0	0	0	0
139	H	0	1	0	0	0
140	R	1	0	0	1	0
141	D	0	0	1	0	0
142	I	0	1	0	0	1
143	A	0	0	0	0	1
144	L	0	1	1	0	0
145	L	0	1	1	0	0
146	I	0	1	0	0	1
147	U	1	0	1	0	1
148	O	0	1	1	1	1
149	B	0	0	0	1	0
150	K	0	1	0	1	1
151	I	0	1	0	0	1
152	B	0	0	0	1	0
153	K	0	1	0	1	1
154	I	0	1	0	0	1
155	B	0	0	0	1	0
156	K	0	1	0	1	1
157	C	0	0	0	1	1
158	L	0	1	1	0	0
159	I	0	1	0	0	1
160	Z	1	1	0	0	0
161	S	1	0	0	1	1
162	Z	1	1	0	0	0
163	U	1	0	1	0	1
164	A	0	0	0	0	1
165	F	0	0	1	1	0
166	C	0	0	0	1	1
167	N	0	1	1	1	0
168	H	0	1	0	0	0
169	O	0	1	1	1	1
170	W	1	0	1	1	1
171	N	0	1	1	1	0
172	C	0	0	0	1	1
173	N	0	1	1	1	0
174	N	0	1	1	1	0
175	K	0	1	0	1	1
176	S	1	0	0	1	1
177	F	0	0	1	1	0
178	N	0	1	1	1	0
179	D	0	0	1	0	0
180	L	0	1	1	0	0
181	F	0	0	1	1	0
182	N	0	1	1	1	0
183	D	0	0	1	0	0
184	L	0	1	1	0	0
185	E	0	0	1	0	1
186	R	1	0	0	1	0
187	V	1	0	1	1	0
188	W	1	0	1	1	1
189	W	1	0	1	1	1
190	R	1	0	0	1	0
191	B	0	0	0	1	0
192	N	0	1	1	1	0
193	N	0	1	1	1	0
194	D	0	0	1	0	0
195	L	0	1	1	0	0
196	N	0	1	1	1	0
197	N	0	1	1	1	0
198	D	0	0	1	0	0
199	L	0	1	1	0	0
200	M	0	1	1	0	1
201	D	0	0	1	0	0
202	E	0	0	1	0	1
203	I	0	1	0	0	1
204	U	1	0	1	0	1
205	O	0	1	1	1	1
206	B	0	0	0	1	0
207	I	0	1	0	0	1
208	B	0	0	0	1	0
209	J	0	1	0	1	0
210	Z	1	1	0	0	0
211	S	1	0	0	1	1
212	U	1	0	1	0	1
213	W	1	0	1	1	1
214	R	1	0	0	1	0
215	B	0	0	0	1	0
216	N	0	1	1	1	0
217	N	0	1	1	1	0
218	D	0	0	1	0	0
219	L	0	1	1	0	0
220	N	0	1	1	1	0
221	D	0	0	1	0	0
222	L	0	1	1	0	0
223	M	0	1	1	0	1
224	D	0	0	1	0	0
225	E	0	0	1	0	1
226	K	0	1	0	1	1
227	N	0	1	1	1	0
228	N	0	1	1	1	0
229	K	0	1	0	1	1
230	W	1	0	1	1	1
231	R	1	0	0	1	0
232	D	0	0	1	0	0
233	I	0	1	0	0	1
234	A	0	0	0	0	1
235	N	0	1	1	1	0
236	K	0	1	0	1	1
237	W	1	0	1	1	1
238	R	1	0	0	1	0
239	D	0	0	1	0	0
240	J	0	1	0	1	0
241	Z	1	1	0	0	0
242	Q	1	0	0	0	1
243	Z	1	1	0	0	0
244	W	1	0	1	1	1
245	C	0	0	0	1	1
246	G	0	0	1	1	1
247	A	0	0	0	0	1
248	L	0	1	1	0	0
249	E	0	0	1	0	1
250	R	1	0	0	1	0
251	U	1	0	1	0	1
252	L	0	1	1	0	0
253	A	0	0	0	0	1
254	N	0	1	1	1	0
255	K	0	1	0	1	1
256	S	1	0	0	1	1
257	F	0	0	1	1	0
258	N	0	1	1	1	0
259	C	0	0	0	1	1
260	G	0	0	1	1	1
261	M	0	1	1	0	1
262	B	0	0	0	1	0
263	H	0	1	0	0	0
264	I	0	1	0	0	1
265	L	0	1	1	0	0
266	L	0	1	1	0	0
267	J	0	1	0	1	0
268	F	0	0	1	1	0
269	C	0	0	0	1	1
270	L	0	1	1	0	0
271	E	0	0	1	0	1
272	B	0	0	0	1	0
273	N	0	1	1	1	0
274	H	0	1	0	0	0
275	O	0	1	1	1	1
276	V	1	0	1	1	0
277	V	1	0	1	1	0
278	T	1	0	1	0	0
279	E	0	0	1	0	1
280	O	0	1	1	1	1
281	B	0	0	0	1	0
282	K	0	1	0	1	1
283	C	0	0	0	1	1
284	N	0	1	1	1	0
285	N	0	1	1	1	0
286	J	0	1	0	1	0
287	G	0	0	1	1	1
288	X	0	0	0	0	0
289	X	0	0	0	0	0
290	L	0	1	1	0	0
291	I	0	1	0	0	1
292	Q	1	0	0	0	1
293	G	0	0	1	1	1
294	L	0	1	1	0	0
295	A	0	0	0	0	1
296	F	0	0	1	1	0
297	N	0	1	1	1	0
298	N	0	1	1	1	0
299	H	0	1	0	0	0
300	D	0	0	1	0	0
301	L	0	1	1	0	0
302	E	0	0	1	0	1
303	R	1	0	0	1	0
304	V	1	0	1	1	0
305	V	1	0	1	1	0
306	P	1	0	0	0	0
307	H	0	1	0	0	0
308	R	1	0	0	1	0
309	D	0	0	1	0	0
310	I	0	1	0	0	1
311	A	0	0	0	0	1
312	N	0	1	1	1	0
313	K	0	1	0	1	1
314	W	1	0	1	1	1
315	R	1	0	0	1	0
316	D	0	0	1	0	0
317	I	0	1	0	0	1
318	A	0	0	0	0	1
319	L	0	1	1	0	0
320	L	0	1	1	0	0
321	I	0	1	0	0	1
322	U	1	0	1	0	1
323	O	0	1	1	1	1
324	B	0	0	0	1	0
325	J	0	1	0	1	0
326	Z	1	1	0	0	0
327	S	1	0	0	1	1
328	Z	1	1	0	0	0
329	Z	1	1	0	0	0
330	Q	1	0	0	0	1
331	G	0	0	1	1	1
332	L	0	1	1	0	0
333	B	0	0	0	1	0
334	N	0	1	1	1	0
335	H	0	1	0	0	0
336	O	0	1	1	1	1
337	V	1	0	1	1	0
338	U	1	0	1	0	1
339	U	1	0	1	0	1
340	Q	1	0	0	0	1
341	S	1	0	0	1	1
342	L	0	1	1	0	0
343	A	0	0	0	0	1
344	N	0	1	1	1	0
345	K	0	1	0	1	1
346	S	1	0	0	1	1
347	F	0	0	1	1	0
348	N	0	1	1	1	0
349	D	0	0	1	0	0
350	L	0	1	1	0	0
351	E	0	0	1	0	1
352	R	1	0	0	1	0
353	W	1	0	1	1	1
354	C	0	0	0	1	1
355	G	0	0	1	1	1
356	A	0	0	0	0	1
357	N	0	1	1	1	0
358	C	0	0	0	1	1
359	G	0	0	1	1	1
360	L	0	1	1	0	0
361	M	0	1	1	0	1
362	D	0	0	1	0	0
363	E	0	0	1	0	1
364	K	0	1	0	1	1
365	N	0	1	1	1	0
366	M	0	1	1	0	1
367	B	0	0	0	1	0
368	N	0	1	1	1	0
369	W	1	0	1	1	1
370	C	0	0	0	1	1
371	G	0	0	1	1	1
372	A	0	0	0	0	1
373	L	0	1	1	0	0
374	E	0	0	1	0	1
375	R	1	0	0	1	0
376	U	1	0	1	0	1
377	L	0	1	1	0	0
378	A	0	0	0	0	1
379	N	0	1	1	1	0
380	J	0	1	0	1	0
381	G	0	0	1	1	1
382	A	0	0	0	0	1
383	L	0	1	1	0	0
384	L	0	1	1	0	0
385	E	0	0	1	0	1
386	B	0	0	0	1	0
387	M	0	1	1	0	1
388	D	0	0	1	0	0
389	E	0	0	1	0	1
390	B	0	0	0	1	0
391	W	1	0	1	1	1
392	N	0	1	1	1	0
393	C	0	0	0	1	1
394	L	0	1	1	0	0
395	I	0	1	0	0	1
396	O	0	1	1	1	1
397	V	1	0	1	1	0
398	V	1	0	1	1	0
399	R	1	0	0	1	0
400	U	1	0	1	0	1
401	Q	1	0	0	0	1
402	F	0	0	1	1	0
403	R	1	0	0	1	0
404	V	1	0	1	1	0
405	K	0	1	0	1	1
406	C	0	0	0	1	1
407	L	0	1	1	0	0
408	J	0	1	0	1	0
409	F	0	0	1	1	0
410	C	0	0	0	1	1
411	N	0	1	1	1	0
412	N	0	1	1	1	0
413	C	0	0	0	1	1
414	Q	1	0	0	0	1
415	S	1	0	0	1	1
416	M	0	1	1	0	1
417	R	1	0	0	1	0
418	O	0	1	1	1	1
419	D	0	0	1	0	0
420	L	0	1	1	0	0
421	M	0	1	1	0	1
422	C	0	0	0	1	1
423	N	0	1	1	1	0
424	N	0	1	1	1	0
425	D	0	0	1	0	0
426	M	0	1	1	0	1
427	B	0	0	0	1	0
428	H	0	1	0	0	0
429	I	0	1	0	0	1
430	L	0	1	1	0	0
431	M	0	1	1	0	1
432	C	0	0	0	1	1
433	N	0	1	1	1	0
434	N	0	1	1	1	0
435	K	0	1	0	1	1
436	V	1	0	1	1	0
437	J	0	1	0	1	0
438	Z	1	1	0	0	0
439	X	0	0	0	0	0
440	X	0	0	0	0	0
441	L	0	1	1	0	0
442	I	0	1	0	0	1
443	O	0	1	1	1	1
444	V	1	0	1	1	0
445	V	1	0	1	1	0
446	R	1	0	0	1	0
447	V	1	0	1	1	0
448	I	0	1	0	0	1
449	A	0	0	0	0	1
450	Q	1	0	0	0	1
451	F	0	0	1	1	0
452	R	1	0	0	1	0
453	V	1	0	1	1	0
454	K	0	1	0	1	1
455	C	0	0	0	1	1
456	N	0	1	1	1	0
457	N	0	1	1	1	0
458	K	0	1	0	1	1
459	W	1	0	1	1	1
460	R	1	0	0	1	0
461	D	0	0	1	0	0
462	I	0	1	0	0	1
463	A	0	0	0	0	1
464	N	0	1	1	1	0
465	J	0	1	0	1	0
466	G	0	0	1	1	1
467	A	0	0	0	0	1
468	N	0	1	1	1	0
469	C	0	0	0	1	1
470	Q	1	0	0	0	1
471	S	1	0	0	1	1
472	L	0	1	1	0	0
473	A	0	0	0	0	1
474	N	0	1	1	1	0
475	K	0	1	0	1	1
476	S	1	0	0	1	1
477	F	0	0	1	1	0
478	N	0	1	1	1	0
479	C	0	0	0	1	1
480	G	0	0	1	1	1
481	L	0	1	1	0	0
482	L	0	1	1	0	0
483	L	0	1	1	0	0
484	E	0	0	1	0	1
485	B	0	0	0	1	0
486	N	0	1	1	1	0
487	H	0	1	0	0	0
488	O	0	1	1	1	1
489	V	1	0	1	1	0
490	U	1	0	1	0	1
491	Z	1	1	0	0	0
492	Z	1	1	0	0	0
493	Q	1	0	0	0	1
494	G	0	0	1	1	1
495	L	0	1	1	0	0
496	B	0	0	0	1	0
497	M	0	1	1	0	1
498	D	0	0	1	0	0
499	E	0	0	1	0	1
500	B	0	0	0	1	0
501	W	1	0	1	1	1
502	N	0	1	1	1	0
503	D	0	0	1	0	0
504	L	0	1	1	0	0
505	W	1	0	1	1	1
506	N	0	1	1	1	0
507	C	0	0	0	1	1
508	L	0	1	1	0	0
509	J	0	1	0	1	0
510	F	0	0	1	1	0
511	C	0	0	0	1	1
512	N	0	1	1	1	0
513	M	0	1	1	0	1
514	B	0	0	0	1	0
515	H	0	1	0	0	0
516	K	0	1	0	1	1
517	T	1	0	1	0	0
518	I	0	1	0	0	1
519	N	0	1	1	1	0
520	N	0	1	1	1	0
521	K	0	1	0	1	1
522	R	1	0	0	1	0
523	V	1	0	1	1	0
524	V	1	0	1	1	0
525	O	0	1	1	1	1
526	V	1	0	1	1	0
527	K	0	1	0	1	1
528	C	0	0	0	1	1
529	S	1	0	0	1	1
530	G	0	0	1	1	1
531	Q	1	0	0	0	1
532	Z	1	1	0	0	0
533	U	1	0	1	0	1
534	W	1	0	1	1	1
535	C	0	0	0	1	1
536	G	0	0	1	1	1
537	A	0	0	0	0	1
538	L	0	1	1	0	0
539	E	0	0	1	0	1
540	R	1	0	0	1	0
541	V	1	0	1	1	0
542	U	1	0	1	0	1
543	O	0	1	1	1	1
544	D	0	0	1	0	0
545	L	0	1	1	0	0
546	L	0	1	1	0	0
547	B	0	0	0	1	0
548	M	0	1	1	0	1
549	D	0	0	1	0	0
550	E	0	0	1	0	1
551	X	0	0	0	0	0
552	X	0	0	0	0	0
553	L	0	1	1	0	0
554	J	0	1	0	1	0
555	F	0	0	1	1	0
556	C	0	0	0	1	1
557	N	0	1	1	1	0
558	N	0	1	1	1	0
559	H	0	1	0	0	0
560	D	0	0	1	0	0
561	L	0	1	1	0	0
562	F	0	0	1	1	0
563	N	0	1	1	1	0
564	D	0	0	1	0	0
565	L	0	1	1	0	0
566	E	0	0	1	0	1
567	R	1	0	0	1	0
568	W	1	0	1	1	1
569	C	0	0	0	1	1
570	G	0	0	1	1	1
571	A	0	0	0	0	1
572	N	0	1	1	1	0
573	C	0	0	0	1	1
574	G	0	0	1	1	1
575	L	0	1	1	0	0
576	L	0	1	1	0	0
577	E	0	0	1	0	1
578	B	0	0	0	1	0
579	N	0	1	1	1	0
580	H	0	1	0	0	0
581	O	0	1	1	1	1
582	V	1	0	1	1	0
583	V	1	0	1	1	0
584	R	1	0	0	1	0
585	V	1	0	1	1	0
586	I	0	1	0	0	1
587	A	0	0	0	0	1
588	Q	1	0	0	0	1
589	F	0	0	1	1	0
590	S	1	0	0	1	1
591	Z	1	1	0	0	0
592	U	1	0	1	0	1
593	A	0	0	0	0	1
594	F	0	0	1	1	0
595	C	0	0	0	1	1
596	N	0	1	1	1	0
597	H	0	1	0	0	0
598	P	1	0	0	0	0
599	K	0	1	0	1	1
600	N	0	1	1	1	0
601	N	0	1	1	1	0
602	K	0	1	0	1	1
603	R	1	0	0	1	0
604	V	1	0	1	1	0
605	V	1	0	1	1	0
606	P	1	0	0	0	0
607	H	0	1	0	0	0
608	R	1	0	0	1	0
609	D	0	0	1	0	0
610	I	0	1	0	0	1
611	A	0	0	0	0	1
612	L	0	1	1	0	0
613	L	0	1	1	0	0
614	I	0	1	0	0	1
615	U	1	0	1	0	1
616	O	0	1	1	1	1
617	B	0	0	0	1	0
618	K	0	1	0	1	1
619	C	0	0	0	1	1
620	N	0	1	1	1	0
621	N	0	1	1	1	0
622	K	0	1	0	1	1
623	V	1	0	1	1	0
624	J	0	1	0	1	0
625	Z	1	1	0	0	0
626	Q	1	0	0	0	1
627	U	1	0	1	0	1
628	O	0	1	1	1	1
629	D	0	0	1	0	0
630	L	0	1	1	0	0
631	L	0	1	1	0	0
632	B	0	0	0	1	0
633	M	0	1	1	0	1
634	D	0	0	1	0	0
635	E	0	0	1	0	1
636	K	0	1	0	1	1
637	N	0	1	1	1	0
638	N	0	1	1	1	0
639	J	0	1	0	1	0
640	G	0	0	1	1	1
641	A	0	0	0	0	1
642	N	0	1	1	1	0
643	C	0	0	0	1	1
644	Q	1	0	0	0	1
645	S	1	0	0	1	1
646	N	0	1	1	1	0
647	W	1	0	1	1	1
648	D	0	0	1	0	0
649	U	1	0	1	0	1
650	L	0	1	1	0	0
651	A	0	0	0	0	1
652	N	0	1	1	1	0
653	K	0	1	0	1	1
654	S	1	0	0	1	1
655	E	0	0	1	0	1
656	R	1	0	0	1	0
657	U	1	0	1	0	1
658	L	0	1	1	0	0
659	A	0	0	0	0	1
660	N	0	1	1	1	0
661	K	0	1	0	1	1
662	S	1	0	0	1	1
663	E	0	0	1	0	1
664	R	1	0	0	1	0
665	U	1	0	1	0	1
666	L	0	1	1	0	0
667	A	0	0	0	0	1
668	N	0	1	1	1	0
669	J	0	1	0	1	0
670	G	0	0	1	1	1
671	A	0	0	0	0	1
672	L	0	1	1	0	0
673	L	0	1	1	0	0
674	E	0	0	1	0	1
675	B	0	0	0	1	0
676	N	0	1	1	1	0
677	H	0	1	0	0	0
678	O	0	1	1	1	1
679	V	1	0	1	1	0
680	W	1	0	1	1	1
681	N	0	1	1	1	0
682	C	0	0	0	1	1
683	X	0	0	0	0	0
684	X	0	0	0	0	0
685	L	0	1	1	0	0
686	I	0	1	0	0	1
687	O	0	1	1	1	1
688	V	1	0	1	1	0
689	V	1	0	1	1	0
690	R	1	0	0	1	0
691	V	1	0	1	1	0
692	I	0	1	0	0	1
693	A	0	0	0	0	1
694	Q	1	0	0	0	1
695	F	0	0	1	1	0
696	T	1	0	1	0	0
697	E	0	0	1	0	1
698	O	0	1	1	1	1
699	B	0	0	0	1	0
700	K	0	1	0	1	1
701	C	0	0	0	1	1
702	N	0	1	1	1	0
703	N	0	1	1	1	0
704	K	0	1	0	1	1
705	W	1	0	1	1	1
706	R	1	0	0	1	0
707	D	0	0	1	0	0
708	I	0	1	0	0	1
709	A	0	0	0	0	1
710	N	0	1	1	1	0
711	J	0	1	0	1	0
712	G	0	0	1	1	1
713	A	0	0	0	0	1
714	L	0	1	1	0	0
715	L	0	1	1	0	0
716	B	0	0	0	1	0
717	M	0	1	1	0	1
718	D	0	0	1	0	0
719	E	0	0	1	0	1
720	K	0	1	0	1	1
721	N	0	1	1	1	0
722	N	0	1	1	1	0
723	K	0	1	0	1	1
724	W	1	0	1	1	1
725	R	1	0	0	1	0
726	D	0	0	1	0	0
727	J	0	1	0	1	0
728	Z	1	1	0	0	0
729	Q	1	0	0	0	1
730	Z	1	1	0	0	0
731	W	1	0	1	1	1
732	C	0	0	0	1	1
733	G	0	0	1	1	1
734	A	0	0	0	0	1
735	N	0	1	1	1	0
736	C	0	0	0	1	1
737	G	0	0	1	1	1
738	L	0	1	1	0	0
739	L	0	1	1	0	0
740	E	0	0	1	0	1
741	B	0	0	0	1	0
742	M	0	1	1	0	1
743	D	0	0	1	0	0
744	E	0	0	1	0	1
745	B	0	0	0	1	0
746	W	1	0	1	1	1
747	N	0	1	1	1	0
748	D	0	0	1	0	0
749	L	0	1	1	0	0
750	U	1	0	1	0	1
751	W	1	0	1	1	1
752	N	0	1	1	1	0
753	C	0	0	0	1	1
754	N	0	1	1	1	0
755	N	0	1	1	1	0
756	K	0	1	0	1	1
757	R	1	0	0	1	0
758	V	1	0	1	1	0
759	U	1	0	1	0	1
760	P	1	0	0	0	0
761	W	1	0	1	1	1
762	V	1	0	1	1	0
763	R	1	0	0	1	0
764	V	1	0	1	1	0
765	K	0	1	0	1	1
766	C	0	0	0	1	1
767	N	0	1	1	1	0
768	N	0	1	1	1	0
769	K	0	1	0	1	1
770	W	1	0	1	1	1
771	S	1	0	0	1	1
772	G	0	0	1	1	1
773	Q	1	0	0	0	1
774	Z	1	1	0	0	0
775	Z	1	1	0	0	0
776	S	1	0	0	1	1
777	F	0	0	1	1	0
778	N	0	1	1	1	0
779	C	0	0	0	1	1
780	G	0	0	1	1	1
781	M	0	1	1	0	1
782	B	0	0	0	1	0
783	H	0	1	0	0	0
784	K	0	1	0	1	1
785	R	1	0	0	1	0
786	U	1	0	1	0	1
787	L	0	1	1	0	0
788	A	0	0	0	0	1
789	L	0	1	1	0	0
790	L	0	1	1	0	0
791	I	0	1	0	0	1
792	P	1	0	0	0	0
793	K	0	1	0	1	1
794	N	0	1	1	1	0
795	L	0	1	1	0	0
796	I	0	1	0	0	1
797	Q	1	0	0	0	1
798	G	0	0	1	1	1
799	L	0	1	1	0	0
800	B	0	0	0	1	0
801	N	0	1	1	1	0
802	G	0	0	1	1	1
803	L	0	1	1	0	0
804	A	0	0	0	0	1
805	F	0	0	1	1	0
806	M	0	1	1	0	1
807	D	0	0	1	0	0
808	E	0	0	1	0	1
809	X	0	0	0	0	0
810	X	0	0	0	0	0
811	L	0	1	1	0	0
812	I	0	1	0	0	1
813	O	0	1	1	1	1
814	V	1	0	1	1	0
815	V	1	0	1	1	0
816	R	1	0	0	1	0
817	V	1	0	1	1	0
818	I	0	1	0	0	1
819	A	0	0	0	0	1
820	Q	1	0	0	0	1
821	F	0	0	1	1	0
822	R	1	0	0	1	0
823	V	1	0	1	1	0
824	K	0	1	0	1	1
825	C	0	0	0	1	1
826	N	0	1	1	1	0
827	N	0	1	1	1	0
828	K	0	1	0	1	1
829	W	1	0	1	1	1
830	R	1	0	0	1	0
831	D	0	0	1	0	0
832	I	0	1	0	0	1
833	A	0	0	0	0	1
834	N	0	1	1	1	0
835	K	0	1	0	1	1
836	W	1	0	1	1	1
837	S	1	0	0	1	1
838	G	0	0	1	1	1
839	O	0	1	1	1	1
840	V	1	0	1	1	0
841	J	0	1	0	1	0
842	Z	1	1	0	0	0
843	Q	1	0	0	0	1
844	Z	1	1	0	0	0
845	W	1	0	1	1	1
846	C	0	0	0	1	1
847	G	0	0	1	1	1
848	A	0	0	0	0	1
849	N	0	1	1	1	0
850	C	0	0	0	1	1
851	G	0	0	1	1	1
852	L	0	1	1	0	0
853	L	0	1	1	0	0
854	E	0	0	1	0	1
855	B	0	0	0	1	0
856	N	0	1	1	1	0
857	G	0	0	1	1	1
858	L	0	1	1	0	0
859	B	0	0	0	1	0
860	N	0	1	1	1	0
861	G	0	0	1	1	1
862	L	0	1	1	0	0
863	B	0	0	0	1	0
864	N	0	1	1	1	0
865	H	0	1	0	0	0
866	O	0	1	1	1	1
867	V	1	0	1	1	0
868	V	1	0	1	1	0
869	R	1	0	0	1	0
870	W	1	0	1	1	1
871	J	0	1	0	1	0
872	F	0	0	1	1	0
873	C	0	0	0	1	1
874	M	0	1	1	0	1
875	D	0	0	1	0	0
876	E	0	0	1	0	1
877	K	0	1	0	1	1
878	N	0	1	1	1	0
879	N	0	1	1	1	0
880	K	0	1	0	1	1
881	Z	1	1	0	0	0
882	Q	1	0	0	0	1
883	O	0	1	1	1	1
884	U	1	0	1	0	1
885	I	0	1	0	0	1
886	L	0	1	1	0	0
887	L	0	1	1	0	0
888	J	0	1	0	1	0
889	F	0	0	1	1	0
890	D	0	0	1	0	0
891	E	0	0	1	0	1
892	K	0	1	0	1	1
893	N	0	1	1	1	0
894	N	0	1	1	1	0
895	J	0	1	0	1	0
896	G	0	0	1	1	1
897	A	0	0	0	0	1
898	N	0	1	1	1	0
899	C	0	0	0	1	1
900	Q	1	0	0	0	1
901	S	1	0	0	1	1
902	N	0	1	1	1	0
903	W	1	0	1	1	1
904	U	1	0	1	0	1
905	L	0	1	1	0	0
906	A	0	0	0	0	1
907	N	0	1	1	1	0
908	K	0	1	0	1	1
909	R	1	0	0	1	0
910	V	1	0	1	1	0
911	U	1	0	1	0	1
912	Q	1	0	0	0	1
913	S	1	0	0	1	1
914	N	0	1	1	1	0
915	W	1	0	1	1	1
916	C	0	0	0	1	1
917	G	0	0	1	1	1
918	A	0	0	0	0	1
919	L	0	1	1	0	0
920	E	0	0	1	0	1
921	T	1	0	1	0	0
922	I	0	1	0	0	1
923	L	0	1	1	0	0
924	L	0	1	1	0	0
925	J	0	1	0	1	0
926	F	0	0	1	1	0
927	C	0	0	0	1	1
928	N	0	1	1	1	0
929	N	0	1	1	1	0
930	M	0	1	1	0	1
931	B	0	0	0	1	0
932	H	0	1	0	0	0
933	I	0	1	0	0	1
934	L	0	1	1	0	0
935	M	0	1	1	0	1
936	D	0	0	1	0	0
937	L	0	1	1	0	0
938	U	1	0	1	0	1
939	A	0	0	0	0	1
940	F	0	0	1	1	0
941	C	0	0	0	1	1
942	X	0	0	0	0	0
943	X	0	0	0	0	0
944	L	0	1	1	0	0
945	I	0	1	0	0	1
946	O	0	1	1	1	1
947	V	1	0	1	1	0
948	V	1	0	1	1	0
949	R	1	0	0	1	0
950	V	1	0	1	1	0
951	I	0	1	0	0	1
952	A	0	0	0	0	1
953	Q	1	0	0	0	1
954	F	0	0	1	1	0
955	R	1	0	0	1	0
956	V	1	0	1	1	0
957	K	0	1	0	1	1
958	C	0	0	0	1	1
959	N	0	1	1	1	0
960	N	0	1	1	1	0
961	K	0	1	0	1	1
962	W	1	0	1	1	1
963	R	1	0	0	1	0
964	D	0	0	1	0	0
965	J	0	1	0	1	0
966	Z	1	1	0	0	0
967	Q	1	0	0	0	1
968	Z	1	1	0	0	0
969	W	1	0	1	1	1
970	C	0	0	0	1	1
971	G	0	0	1	1	1
972	A	0	0	0	0	1
973	N	0	1	1	1	0
974	C	0	0	0	1	1
975	G	0	0	1	1	1
976	L	0	1	1	0	0
977	L	0	1	1	0	0
978	F	0	0	1	1	0
979	E	0	0	1	0	1
980	B	0	0	0	1	0
981	N	0	1	1	1	0
982	H	0	1	0	0	0
983	O	0	1	1	1	1
984	V	1	0	1	1	0
985	V	1	0	1	1	0
986	R	1	0	0	1	0
987	W	1	0	1	1	1
988	K	0	1	0	1	1
989	N	0	1	1	1	0
990	N	0	1	1	1	0
991	J	0	1	0	1	0
992	G	0	0	1	1	1
993	A	0	0	0	0	1
994	M	0	1	1	0	1
995	B	0	0	0	1	0
996	H	0	1	0	0	0
997	I	0	1	0	0	1
998	L	0	1	1	0	0
999	M	0	1	1	0	1
1000	C	0	0	0	1	1
1001	M	0	1	1	0	1
1002	C	0	0	0	1	1
1003	N	0	1	1	1	0
1004	N	0	1	1	1	0
1005	K	0	1	0	1	1
1006	V	1	0	1	1	0
1007	I	0	1	0	0	1
1008	A	0	0	0	0	1
1009	N	0	1	1	1	0
1010	K	0	1	0	1	1
1011	W	1	0	1	1	1
1012	S	1	0	0	1	1
1013	G	0	0	1	1	1
1014	O	0	1	1	1	1
1015	V	1	0	1	1	0
1016	I	0	1	0	0	1
1017	A	0	0	0	0	1
1018	L	0	1	1	0	0
1019	L	0	1	1	0	0
1020	J	0	1	0	1	0
1021	F	0	0	1	1	0
1022	C	0	0	0	1	1
1023	L	0	1	1	0	0
1024	A	0	0	0	0	1
1025	S	1	0	0	1	1
1026	Q	1	0	0	0	1
1027	L	0	1	1	0	0
1028	U	1	0	1	0	1
1029	A	0	0	0	0	1
1030	F	0	0	1	1	0
1031	C	0	0	0	1	1
1032	N	0	1	1	1	0
1033	H	0	1	0	0	0
1034	O	0	1	1	1	1
1035	W	1	0	1	1	1
1036	N	0	1	1	1	0
1037	C	0	0	0	1	1
1038	N	0	1	1	1	0
1039	N	0	1	1	1	0
1040	K	0	1	0	1	1
1041	R	1	0	0	1	0
1042	U	1	0	1	0	1
1043	L	0	1	1	0	0
1044	A	0	0	0	0	1
1045	N	0	1	1	1	0
1046	J	0	1	0	1	0
1047	G	0	0	1	1	1
1048	A	0	0	0	0	1
1049	N	0	1	1	1	0
1050	H	0	1	0	0	0
1051	D	0	0	1	0	0
1052	L	0	1	1	0	0
1053	E	0	0	1	0	1
1054	T	1	0	1	0	0
1055	I	0	1	0	0	1
1056	L	0	1	1	0	0
1057	L	0	1	1	0	0
1058	J	0	1	0	1	0
1059	F	0	0	1	1	0
1060	D	0	0	1	0	0
1061	F	0	0	1	1	0
1062	C	0	0	0	1	1
1063	X	0	0	0	0	0
