Point	Label	1	2	3	4	5
1	N	0	1	1	1	0
2	K	0	1	0	1	1
3	R	1	0	0	1	0
4	V	1	0	1	1	0
5	V	1	0	1	1	0
6	O	0	1	1	1	1
7	V	1	0	1	1	0
8	I	0	1	0	0	1
9	A	0	0	0	0	1
10	N	0	1	1	1	0
11	K	0	1	0	1	1
12	W	1	0	1	1	1
13	R	1	0	0	1	0
14	D	0	0	1	0	0
15	I	0	1	0	0	1
16	A	0	0	0	0	1
17	N	0	1	1	1	0
18	K	0	1	0	1	1
19	Z	1	1	0	0	0
20	Q	1	0	0	0	1
21	Z	1	1	0	0	0
22	W	1	0	1	1	1
23	C	0	0	0	1	1
24	G	0	0	1	1	1
25	A	0	0	0	0	1
26	N	0	1	1	1	0
27	C	0	0	0	1	1
28	G	0	0	1	1	1
29	L	0	1	1	0	0
30	L	0	1	1	0	0
31	E	0	0	1	0	1
32	B	0	0	0	1	0
33	N	0	1	1	1	0
34	H	0	1	0	0	0
35	O	0	1	1	1	1
36	V	1	0	1	1	0
37	V	1	0	1	1	0
38	R	1	0	0	1	0
39	V	1	0	1	1	0
40	I	0	1	0	0	1
41	A	0	0	0	0	1
42	Q	1	0	0	0	1
43	F	0	0	1	1	0
44	R	1	0	0	1	0
45	W	1	0	1	1	1
46	K	0	1	0	1	1
47	N	0	1	1	1	0
48	N	0	1	1	1	0
49	K	0	1	0	1	1
50	W	1	0	1	1	1
51	S	1	0	0	1	1
52	G	0	0	1	1	1
53	O	0	1	1	1	1
54	U	1	0	1	0	1
55	I	0	1	0	0	1
56	L	0	1	1	0	0
57	L	0	1	1	0	0
58	I	0	1	0	0	1
59	Z	1	1	0	0	0
60	S	1	0	0	1	1
61	W	1	0	1	1	1
62	R	1	0	0	1	0
63	B	0	0	0	1	0
64	N	0	1	1	1	0
65	M	0	1	1	0	1
66	B	0	0	0	1	0
67	H	0	1	0	0	0
68	I	0	1	0	0	1
69	L	0	1	1	0	0
70	L	0	1	1	0	0
71	J	0	1	0	1	0
72	F	0	0	1	1	0
73	C	0	0	0	1	1
74	N	0	1	1	1	0
75	M	0	1	1	0	1
76	B	0	0	0	1	0
77	H	0	1	0	0	0
78	I	0	1	0	0	1
79	L	0	1	1	0	0
80	M	0	1	1	0	1
81	D	0	0	1	0	0
82	J	0	1	0	1	0
83	Z	1	1	0	0	0
84	S	1	0	0	1	1
85	Z	1	1	0	0	0
86	U	1	0	1	0	1
87	A	0	0	0	0	1
88	F	0	0	1	1	0
89	C	0	0	0	1	1
90	N	0	1	1	1	0
91	H	0	1	0	0	0
92	P	1	0	0	0	0
93	K	0	1	0	1	1
94	N	0	1	1	1	0
95	M	0	1	1	0	1
96	B	0	0	0	1	0
97	N	0	1	1	1	0
98	Z	1	1	0	0	0
99	S	1	0	0	1	1
100	F	0	0	1	1	0
101	N	0	1	1	1	0
102	C	0	0	0	1	1
103	G	0	0	1	1	1
104	M	0	1	1	0	1
105	B	0	0	0	1	0
106	H	0	1	0	0	0
107	I	0	1	0	0	1
108	L	0	1	1	0	0
109	M	0	1	1	0	1
110	D	0	0	1	0	0
111	L	0	1	1	0	0
112	Z	1	1	0	0	0
113	Q	1	0	0	0	1
114	H	0	1	0	0	0
115	O	0	1	1	1	1
116	W	1	0	1	1	1
117	N	0	1	1	1	0
118	C	0	0	0	1	1
119	L	0	1	1	0	0
120	I	0	1	0	0	1
121	Q	1	0	0	0	1
122	G	0	0	1	1	1
123	L	0	1	1	0	0
124	A	0	0	0	0	1
125	F	0	0	1	1	0
126	M	0	1	1	0	1
127	D	0	0	1	0	0
128	E	0	0	1	0	1
129	X	0	0	0	0	0
130	X	0	0	0	0	0
131	L	0	1	1	0	0
132	I	0	1	0	0	1
133	O	0	1	1	1	1
134	V	1	0	1	1	0
135	V	1	0	1	1	0
136	R	1	0	0	1	0
137	V	1	0	1	1	0
138	I	0	1	0	0	1
139	A	0	0	0	0	1
140	P	1	0	0	0	0
141	W	1	0	1	1	1
142	K	0	1	0	1	1
143	N	0	1	1	1	0
144	N	0	1	1	1	0
145	K	0	1	0	1	1
146	W	1	0	1	1	1
147	R	1	0	0	1	0
148	D	0	0	1	0	0
149	I	0	1	0	0	1
150	A	0	0	0	0	1
151	N	0	1	1	1	0
152	K	0	1	0	1	1
153	Z	1	1	0	0	0
154	Q	1	0	0	0	1
155	Z	1	1	0	0	0
156	Z	1	1	0	0	0
157	S	1	0	0	1	1
158	F	0	0	1	1	0
159	N	0	1	1	1	0
160	C	0	0	0	1	1
161	G	0	0	1	1	1
162	L	0	1	1	0	0
163	L	0	1	1	0	0
164	E	0	0	1	0	1
165	B	0	0	0	1	0
166	N	0	1	1	1	0
167	H	0	1	0	0	0
168	O	0	1	1	1	1
169	U	1	0	1	0	1
170	A	0	0	0	0	1
171	F	0	0	1	1	0
172	C	0	0	0	1	1
173	N	0	1	1	1	0
174	H	0	1	0	0	0
175	P	1	0	0	0	0
176	K	0	1	0	1	1
177	N	0	1	1	1	0
178	N	0	1	1	1	0
179	J	0	1	0	1	0
180	G	0	0	1	1	1
181	A	0	0	0	0	1
182	L	0	1	1	0	0
183	L	0	1	1	0	0
184	E	0	0	1	0	1
185	B	0	0	0	1	0
186	N	0	1	1	1	0
187	H	0	1	0	0	0
188	O	0	1	1	1	1
189	V	1	0	1	1	0
190	W	1	0	1	1	1
191	S	1	0	0	1	1
192	Q	1	0	0	0	1
193	N	0	1	1	1	0
194	C	0	0	0	1	1
195	L	0	1	1	0	0
196	I	0	1	0	0	1
197	Q	1	0	0	0	1
198	H	0	1	0	0	0
199	P	1	0	0	0	0
200	J	0	1	0	1	0
201	F	0	0	1	1	0
202	C	0	0	0	1	1
203	N	0	1	1	1	0
204	M	0	1	1	0	1
205	B	0	0	0	1	0
206	H	0	1	0	0	0
207	K	0	1	0	1	1
208	S	1	0	0	1	1
209	F	0	0	1	1	0
210	N	0	1	1	1	0
211	D	0	0	1	0	0
212	L	0	1	1	0	0
213	E	0	0	1	0	1
214	R	1	0	0	1	0
215	Z	1	1	0	0	0
216	S	1	0	0	1	1
217	F	0	0	1	1	0
218	M	0	1	1	0	1
219	B	0	0	0	1	0
220	H	0	1	0	0	0
221	D	0	0	1	0	0
222	U	1	0	1	0	1
223	L	0	1	1	0	0
224	A	0	0	0	0	1
225	L	0	1	1	0	0
226	M	0	1	1	0	1
227	D	0	0	1	0	0
228	L	0	1	1	0	0
229	V	1	0	1	1	0
230	V	1	0	1	1	0
231	T	1	0	1	0	0
232	E	0	0	1	0	1
233	O	0	1	1	1	1
234	B	0	0	0	1	0
235	K	0	1	0	1	1
236	C	0	0	0	1	1
237	N	0	1	1	1	0
238	N	0	1	1	1	0
239	J	0	1	0	1	0
240	G	0	0	1	1	1
241	A	0	0	0	0	1
242	L	0	1	1	0	0
243	L	0	1	1	0	0
244	B	0	0	0	1	0
245	M	0	1	1	0	1
246	D	0	0	1	0	0
247	E	0	0	1	0	1
248	K	0	1	0	1	1
249	N	0	1	1	1	0
250	N	0	1	1	1	0
251	K	0	1	0	1	1
252	W	1	0	1	1	1
253	S	1	0	0	1	1
254	G	0	0	1	1	1
255	X	0	0	0	0	0
256	X	0	0	0	0	0
257	L	0	1	1	0	0
258	I	0	1	0	0	1
259	O	0	1	1	1	1
260	V	1	0	1	1	0
261	V	1	0	1	1	0
262	R	1	0	0	1	0
263	V	1	0	1	1	0
264	K	0	1	0	1	1
265	C	0	0	0	1	1
266	N	0	1	1	1	0
267	N	0	1	1	1	0
268	K	0	1	0	1	1
269	W	1	0	1	1	1
270	R	1	0	0	1	0
271	D	0	0	1	0	0
272	I	0	1	0	0	1
273	A	0	0	0	0	1
274	N	0	1	1	1	0
275	K	0	1	0	1	1
276	Z	1	1	0	0	0
277	Q	1	0	0	0	1
278	Z	1	1	0	0	0
279	Z	1	1	0	0	0
280	S	1	0	0	1	1
281	F	0	0	1	1	0
282	N	0	1	1	1	0
283	C	0	0	0	1	1
284	G	0	0	1	1	1
285	L	0	1	1	0	0
286	L	0	1	1	0	0
287	E	0	0	1	0	1
288	B	0	0	0	1	0
289	N	0	1	1	1	0
290	H	0	1	0	0	0
291	O	0	1	1	1	1
292	U	1	0	1	0	1
293	A	0	0	0	0	1
294	F	0	0	1	1	0
295	C	0	0	0	1	1
296	N	0	1	1	1	0
297	H	0	1	0	0	0
298	O	0	1	1	1	1
299	W	1	0	1	1	1
300	N	0	1	1	1	0
301	C	0	0	0	1	1
302	L	0	1	1	0	0
303	I	0	1	0	0	1
304	Q	1	0	0	0	1
305	G	0	0	1	1	1
306	L	0	1	1	0	0
307	A	0	0	0	0	1
308	F	0	0	1	1	0
309	M	0	1	1	0	1
310	D	0	0	1	0	0
311	E	0	0	1	0	1
312	K	0	1	0	1	1
313	N	0	1	1	1	0
314	N	0	1	1	1	0
315	K	0	1	0	1	1
316	S	1	0	0	1	1
317	E	0	0	1	0	1
318	R	1	0	0	1	0
319	U	1	0	1	0	1
320	L	0	1	1	0	0
321	A	0	0	0	0	1
322	N	0	1	1	1	0
323	J	0	1	0	1	0
324	G	0	0	1	1	1
325	A	0	0	0	0	1
326	N	0	1	1	1	0
327	H	0	1	0	0	0
328	D	0	0	1	0	0
329	M	0	1	1	0	1
330	B	0	0	0	1	0
331	H	0	1	0	0	0
332	D	0	0	1	0	0
333	U	1	0	1	0	1
334	M	0	1	1	0	1
335	R	1	0	0	1	0
336	O	0	1	1	1	1
337	D	0	0	1	0	0
338	M	0	1	1	0	1
339	B	0	0	0	1	0
340	H	0	1	0	0	0
341	K	0	1	0	1	1
342	W	1	0	1	1	1
343	S	1	0	0	1	1
344	G	0	0	1	1	1
345	O	0	1	1	1	1
346	V	1	0	1	1	0
347	I	0	1	0	0	1
348	A	0	0	0	0	1
349	L	0	1	1	0	0
350	L	0	1	1	0	0
351	I	0	1	0	0	1
352	V	1	0	1	1	0
353	I	0	1	0	0	1
354	A	0	0	0	0	1
355	Q	1	0	0	0	1
356	F	0	0	1	1	0
357	R	1	0	0	1	0
358	W	1	0	1	1	1
359	J	0	1	0	1	0
360	F	0	0	1	1	0
361	C	0	0	0	1	1
362	X	0	0	0	0	0
363	X	0	0	0	0	0
364	L	0	1	1	0	0
365	I	0	1	0	0	1
366	O	0	1	1	1	1
367	V	1	0	1	1	0
368	V	1	0	1	1	0
369	R	1	0	0	1	0
370	V	1	0	1	1	0
371	K	0	1	0	1	1
372	C	0	0	0	1	1
373	N	0	1	1	1	0
374	N	0	1	1	1	0
375	K	0	1	0	1	1
376	K	0	1	0	1	1
377	S	1	0	0	1	1
378	G	0	0	1	1	1
379	Q	1	0	0	0	1
380	Z	1	1	0	0	0
381	Z	1	1	0	0	0
382	S	1	0	0	1	1
383	F	0	0	1	1	0
384	N	0	1	1	1	0
385	C	0	0	0	1	1
386	G	0	0	1	1	1
387	L	0	1	1	0	0
388	L	0	1	1	0	0
389	E	0	0	1	0	1
390	B	0	0	0	1	0
391	N	0	1	1	1	0
392	H	0	1	0	0	0
393	O	0	1	1	1	1
394	U	1	0	1	0	1
395	A	0	0	0	0	1
396	F	0	0	1	1	0
397	C	0	0	0	1	1
398	N	0	1	1	1	0
399	H	0	1	0	0	0
400	P	1	0	0	0	0
401	K	0	1	0	1	1
402	N	0	1	1	1	0
403	N	0	1	1	1	0
404	J	0	1	0	1	0
405	G	0	0	1	1	1
406	A	0	0	0	0	1
407	L	0	1	1	0	0
408	M	0	1	1	0	1
409	D	0	0	1	0	0
410	E	0	0	1	0	1
411	K	0	1	0	1	1
412	N	0	1	1	1	0
413	M	0	1	1	0	1
414	B	0	0	0	1	0
415	N	0	1	1	1	0
416	Z	1	1	0	0	0
417	S	1	0	0	1	1
418	E	0	0	1	0	1
419	T	1	0	1	0	0
420	K	0	1	0	1	1
421	R	1	0	0	1	0
422	Z	1	1	0	0	0
423	S	1	0	0	1	1
424	E	0	0	1	0	1
425	R	1	0	0	1	0
426	W	1	0	1	1	1
427	C	0	0	0	1	1
428	G	0	0	1	1	1
429	A	0	0	0	0	1
430	L	0	1	1	0	0
431	E	0	0	1	0	1
432	R	1	0	0	1	0
433	U	1	0	1	0	1
434	L	0	1	1	0	0
435	A	0	0	0	0	1
436	L	0	1	1	0	0
437	M	0	1	1	0	1
438	D	0	0	1	0	0
439	L	0	1	1	0	0
440	V	1	0	1	1	0
441	V	1	0	1	1	0
442	T	1	0	1	0	0
443	E	0	0	1	0	1
444	O	0	1	1	1	1
445	B	0	0	0	1	0
446	J	0	1	0	1	0
447	W	1	0	1	1	1
448	J	0	1	0	1	0
449	E	0	0	1	0	1
450	I	0	1	0	0	1
451	Z	1	1	0	0	0
452	S	1	0	0	1	1
453	W	1	0	1	1	1
454	R	1	0	0	1	0
455	B	0	0	0	1	0
456	M	0	1	1	0	1
457	D	0	0	1	0	0
458	F	0	0	1	1	0
459	C	0	0	0	1	1
460	N	0	1	1	1	0
461	M	0	1	1	0	1
462	B	0	0	0	1	0
463	H	0	1	0	0	0
464	K	0	1	0	1	1
465	W	1	0	1	1	1
466	R	1	0	0	1	0
467	D	0	0	1	0	0
468	J	0	1	0	1	0
469	Z	1	1	0	0	0
470	O	0	1	1	1	1
471	V	1	0	1	1	0
472	I	0	1	0	0	1
473	A	0	0	0	0	1
474	X	0	0	0	0	0
475	X	0	0	0	0	0
476	L	0	1	1	0	0
477	I	0	1	0	0	1
478	O	0	1	1	1	1
479	V	1	0	1	1	0
480	V	1	0	1	1	0
481	R	1	0	0	1	0
482	V	1	0	1	1	0
483	I	0	1	0	0	1
484	A	0	0	0	0	1
485	Q	1	0	0	0	1
486	F	0	0	1	1	0
487	R	1	0	0	1	0
488	W	1	0	1	1	1
489	K	0	1	0	1	1
490	N	0	1	1	1	0
491	N	0	1	1	1	0
492	K	0	1	0	1	1
493	W	1	0	1	1	1
494	R	1	0	0	1	0
495	D	0	0	1	0	0
496	I	0	1	0	0	1
497	A	0	0	0	0	1
498	N	0	1	1	1	0
499	K	0	1	0	1	1
500	V	1	0	1	1	0
501	J	0	1	0	1	0
502	Z	1	1	0	0	0
503	Q	1	0	0	0	1
504	Z	1	1	0	0	0
505	Z	1	1	0	0	0
506	S	1	0	0	1	1
507	F	0	0	1	1	0
508	N	0	1	1	1	0
509	C	0	0	0	1	1
510	G	0	0	1	1	1
511	L	0	1	1	0	0
512	M	0	1	1	0	1
513	D	0	0	1	0	0
514	E	0	0	1	0	1
515	I	0	1	0	0	1
516	Q	1	0	0	0	1
517	G	0	0	1	1	1
518	L	0	1	1	0	0
519	A	0	0	0	0	1
520	F	0	0	1	1	0
521	N	0	1	1	1	0
522	L	0	1	1	0	0
523	M	0	1	1	0	1
524	C	0	0	0	1	1
525	N	0	1	1	1	0
526	M	0	1	1	0	1
527	B	0	0	0	1	0
528	H	0	1	0	0	0
529	I	0	1	0	0	1
530	N	0	1	1	1	0
531	K	0	1	0	1	1
532	R	1	0	0	1	0
533	V	1	0	1	1	0
534	U	1	0	1	0	1
535	Q	1	0	0	0	1
536	S	1	0	0	1	1
537	L	0	1	1	0	0
538	A	0	0	0	0	1
539	M	0	1	1	0	1
540	B	0	0	0	1	0
541	N	0	1	1	1	0
542	W	1	0	1	1	1
543	C	0	0	0	1	1
544	G	0	0	1	1	1
545	A	0	0	0	0	1
546	L	0	1	1	0	0
547	E	0	0	1	0	1
548	R	1	0	0	1	0
549	V	1	0	1	1	0
550	V	1	0	1	1	0
551	P	1	0	0	0	0
552	H	0	1	0	0	0
553	R	1	0	0	1	0
554	D	0	0	1	0	0
555	I	0	1	0	0	1
556	A	0	0	0	0	1
557	N	0	1	1	1	0
558	K	0	1	0	1	1
559	Z	1	1	0	0	0
560	O	0	1	1	1	1
561	U	1	0	1	0	1
562	J	0	1	0	1	0
563	G	0	0	1	1	1
564	A	0	0	0	0	1
565	L	0	1	1	0	0
566	L	0	1	1	0	0
567	B	0	0	0	1	0
568	N	0	1	1	1	0
569	M	0	1	1	0	1
570	A	0	0	0	0	1
571	L	0	1	1	0	0
572	M	0	1	1	0	1
573	D	0	0	1	0	0
574	E	0	0	1	0	1
575	K	0	1	0	1	1
576	N	0	1	1	1	0
577	M	0	1	1	0	1
578	A	0	0	0	0	1
579	L	0	1	1	0	0
580	M	0	1	1	0	1
581	D	0	0	1	0	0
582	I	0	1	0	0	1
583	A	0	0	0	0	1
584	Q	1	0	0	0	1
585	F	0	0	1	1	0
586	S	1	0	0	1	1
587	Z	1	1	0	0	0
588	W	1	0	1	1	1
589	N	0	1	1	1	0
590	C	0	0	0	1	1
591	M	0	1	1	0	1
592	D	0	0	1	0	0
593	L	0	1	1	0	0
594	U	1	0	1	0	1
595	A	0	0	0	0	1
596	F	0	0	1	1	0
597	C	0	0	0	1	1
598	X	0	0	0	0	0
599	X	0	0	0	0	0
600	L	0	1	1	0	0
601	I	0	1	0	0	1
602	P	1	0	0	0	0
603	K	0	1	0	1	1
604	N	0	1	1	1	0
605	N	0	1	1	1	0
606	K	0	1	0	1	1
607	R	1	0	0	1	0
608	V	1	0	1	1	0
609	V	1	0	1	1	0
610	O	0	1	1	1	1
611	V	1	0	1	1	0
612	I	0	1	0	0	1
613	A	0	0	0	0	1
614	L	0	1	1	0	0
615	L	0	1	1	0	0
616	I	0	1	0	0	1
617	U	1	0	1	0	1
618	Q	1	0	0	0	1
619	F	0	0	1	1	0
620	S	1	0	0	1	1
621	Z	1	1	0	0	0
622	Z	1	1	0	0	0
623	Q	1	0	0	0	1
624	G	0	0	1	1	1
625	L	0	1	1	0	0
626	A	0	0	0	0	1
627	F	0	0	1	1	0
628	N	0	1	1	1	0
629	N	0	1	1	1	0
630	H	0	1	0	0	0
631	D	0	0	1	0	0
632	L	0	1	1	0	0
633	E	0	0	1	0	1
634	R	1	0	0	1	0
635	V	1	0	1	1	0
636	V	1	0	1	1	0
637	P	1	0	0	0	0
638	H	0	1	0	0	0
639	T	1	0	1	0	0
640	U	1	0	1	0	1
641	I	0	1	0	0	1
642	L	0	1	1	0	0
643	L	0	1	1	0	0
644	J	0	1	0	1	0
645	F	0	0	1	1	0
646	C	0	0	0	1	1
647	N	0	1	1	1	0
648	M	0	1	1	0	1
649	B	0	0	0	1	0
650	H	0	1	0	0	0
651	K	0	1	0	1	1
652	W	1	0	1	1	1
653	R	1	0	0	1	0
654	D	0	0	1	0	0
655	I	0	1	0	0	1
656	A	0	0	0	0	1
657	L	0	1	1	0	0
658	M	0	1	1	0	1
659	D	0	0	1	0	0
660	J	0	1	0	1	0
661	Z	1	1	0	0	0
662	R	1	0	0	1	0
663	V	1	0	1	1	0
664	I	0	1	0	0	1
665	A	0	0	0	0	1
666	P	1	0	0	0	0
667	W	1	0	1	1	1
668	J	0	1	0	1	0
669	F	0	0	1	1	0
670	C	0	0	0	1	1
671	N	0	1	1	1	0
672	N	0	1	1	1	0
673	C	0	0	0	1	1
674	Q	1	0	0	0	1
675	S	1	0	0	1	1
676	N	0	1	1	1	0
677	W	1	0	1	1	1
678	C	0	0	0	1	1
679	G	0	0	1	1	1
680	A	0	0	0	0	1
681	L	0	1	1	0	0
682	E	0	0	1	0	1
683	R	1	0	0	1	0
684	U	1	0	1	0	1
685	L	0	1	1	0	0
686	A	0	0	0	0	1
687	N	0	1	1	1	0
688	J	0	1	0	1	0
689	G	0	0	1	1	1
690	A	0	0	0	0	1
691	L	0	1	1	0	0
692	M	0	1	1	0	1
693	D	0	0	1	0	0
694	E	0	0	1	0	1
695	K	0	1	0	1	1
696	N	0	1	1	1	0
697	M	0	1	1	0	1
698	A	0	0	0	0	1
699	L	0	1	1	0	0
700	M	0	1	1	0	1
701	D	0	0	1	0	0
702	L	0	1	1	0	0
703	U	1	0	1	0	1
704	A	0	0	0	0	1
705	F	0	0	1	1	0
706	C	0	0	0	1	1
707	X	0	0	0	0	0
708	X	0	0	0	0	0
709	L	0	1	1	0	0
710	I	0	1	0	0	1
711	O	0	1	1	1	1
712	V	1	0	1	1	0
713	V	1	0	1	1	0
714	R	1	0	0	1	0
715	V	1	0	1	1	0
716	I	0	1	0	0	1
717	A	0	0	0	0	1
718	Q	1	0	0	0	1
719	F	0	0	1	1	0
720	R	1	0	0	1	0
721	V	1	0	1	1	0
722	K	0	1	0	1	1
723	C	0	0	0	1	1
724	N	0	1	1	1	0
725	N	0	1	1	1	0
726	K	0	1	0	1	1
727	W	1	0	1	1	1
728	R	1	0	0	1	0
729	D	0	0	1	0	0
730	I	0	1	0	0	1
731	A	0	0	0	0	1
732	N	0	1	1	1	0
733	J	0	1	0	1	0
734	G	0	0	1	1	1
735	A	0	0	0	0	1
736	L	0	1	1	0	0
737	M	0	1	1	0	1
738	D	0	0	1	0	0
739	E	0	0	1	0	1
740	K	0	1	0	1	1
741	N	0	1	1	1	0
742	N	0	1	1	1	0
743	K	0	1	0	1	1
744	W	1	0	1	1	1
745	S	1	0	0	1	1
746	H	0	1	0	0	0
747	R	1	0	0	1	0
748	D	0	0	1	0	0
749	J	0	1	0	1	0
750	Z	1	1	0	0	0
751	P	1	0	0	0	0
752	G	0	0	1	1	1
753	Q	1	0	0	0	1
754	Z	1	1	0	0	0
755	Z	1	1	0	0	0
756	S	1	0	0	1	1
757	F	0	0	1	1	0
758	N	0	1	1	1	0
759	C	0	0	0	1	1
760	G	0	0	1	1	1
761	L	0	1	1	0	0
762	L	0	1	1	0	0
763	E	0	0	1	0	1
764	B	0	0	0	1	0
765	N	0	1	1	1	0
766	H	0	1	0	0	0
767	O	0	1	1	1	1
768	V	1	0	1	1	0
769	W	1	0	1	1	1
770	S	1	0	0	1	1
771	Q	1	0	0	0	1
772	L	0	1	1	0	0
773	U	1	0	1	0	1
774	A	0	0	0	0	1
775	F	0	0	1	1	0
776	C	0	0	0	1	1
777	N	0	1	1	1	0
778	H	0	1	0	0	0
779	O	0	1	1	1	1
780	W	1	0	1	1	1
781	N	0	1	1	1	0
782	C	0	0	0	1	1
783	L	0	1	1	0	0
784	I	0	1	0	0	1
785	Q	1	0	0	0	1
786	H	0	1	0	0	0
787	O	0	1	1	1	1
788	W	1	0	1	1	1
789	N	0	1	1	1	0
790	C	0	0	0	1	1
791	L	0	1	1	0	0
792	I	0	1	0	0	1
793	Q	1	0	0	0	1
794	H	0	1	0	0	0
795	O	0	1	1	1	1
796	V	1	0	1	1	0
797	W	1	0	1	1	1
798	S	1	0	0	1	1
799	Q	1	0	0	0	1
800	N	0	1	1	1	0
801	C	0	0	0	1	1
802	N	0	1	1	1	0
803	N	0	1	1	1	0
804	K	0	1	0	1	1
805	R	1	0	0	1	0
806	V	1	0	1	1	0
807	Z	1	1	0	0	0
808	W	1	0	1	1	1
809	C	0	0	0	1	1
810	G	0	0	1	1	1
811	A	0	0	0	0	1
812	L	0	1	1	0	0
813	E	0	0	1	0	1
814	R	1	0	0	1	0
815	U	1	0	1	0	1
816	L	0	1	1	0	0
817	A	0	0	0	0	1
818	N	0	1	1	1	0
819	K	0	1	0	1	1
820	S	1	0	0	1	1
821	E	0	0	1	0	1
822	T	1	0	1	0	0
823	I	0	1	0	0	1
824	L	0	1	1	0	0
825	L	0	1	1	0	0
826	J	0	1	0	1	0
827	F	0	0	1	1	0
828	C	0	0	0	1	1
829	N	0	1	1	1	0
830	M	0	1	1	0	1
831	B	0	0	0	1	0
832	H	0	1	0	0	0
833	X	0	0	0	0	0
