Point	Label	1	2	3	4	5
1	L	0	1	1	0	0
2	I	0	1	0	0	1
3	O	0	1	1	1	1
4	V	1	0	1	1	0
5	V	1	0	1	1	0
6	R	1	0	0	1	0
7	U	1	0	1	0	1
8	Q	1	0	0	0	1
9	F	0	0	1	1	0
10	R	1	0	0	1	0
11	V	1	0	1	1	0
12	I	0	1	0	0	1
13	A	0	0	0	0	1
14	Q	1	0	0	0	1
15	F	0	0	1	1	0
16	R	1	0	0	1	0
17	V	1	0	1	1	0
18	K	0	1	0	1	1
19	C	0	0	0	1	1
20	N	0	1	1	1	0
21	N	0	1	1	1	0
22	K	0	1	0	1	1
23	V	1	0	1	1	0
24	I	0	1	0	0	1
25	A	0	0	0	0	1
26	N	0	1	1	1	0
27	K	0	1	0	1	1
28	W	1	0	1	1	1
29	R	1	0	0	1	0
30	D	0	0	1	0	0
31	I	0	1	0	0	1
32	A	0	0	0	0	1
33	L	0	1	1	0	0
34	L	0	1	1	0	0
35	I	0	1	0	0	1
36	Z	1	1	0	0	0
37	S	1	0	0	1	1
38	W	1	0	1	1	1
39	R	1	0	0	1	0
40	B	0	0	0	1	0
41	N	0	1	1	1	0
42	N	0	1	1	1	0
43	D	0	0	1	0	0
44	L	0	1	1	0	0
45	M	0	1	1	0	1
46	D	0	0	1	0	0
47	E	0	0	1	0	1
48	K	0	1	0	1	1
49	N	0	1	1	1	0
50	N	0	1	1	1	0
51	J	0	1	0	1	0
52	G	0	0	1	1	1
53	A	0	0	0	0	1
54	N	0	1	1	1	0
55	C	0	0	0	1	1
56	P	1	0	0	0	0
57	W	1	0	1	1	1
58	V	1	0	1	1	0
59	R	1	0	0	1	0
60	V	1	0	1	1	0
61	K	0	1	0	1	1
62	C	0	0	0	1	1
63	N	0	1	1	1	0
64	N	0	1	1	1	0
65	K	0	1	0	1	1
66	Z	1	1	0	0	0
67	Q	1	0	0	0	1
68	W	1	0	1	1	1
69	W	1	0	1	1	1
70	R	1	0	0	1	0
71	B	0	0	0	1	0
72	N	0	1	1	1	0
73	N	0	1	1	1	0
74	C	0	0	0	1	1
75	Q	1	0	0	0	1
76	S	1	0	0	1	1
77	N	0	1	1	1	0
78	W	1	0	1	1	1
79	D	0	0	1	0	0
80	V	1	0	1	1	0
81	V	1	0	1	1	0
82	P	1	0	0	0	0
83	H	0	1	0	0	0
84	R	1	0	0	1	0
85	D	0	0	1	0	0
86	J	0	1	0	1	0
87	Z	1	1	0	0	0
88	Q	1	0	0	0	1
89	Z	1	1	0	0	0
90	W	1	0	1	1	1
91	C	0	0	0	1	1
92	G	0	0	1	1	1
93	A	0	0	0	0	1
94	N	0	1	1	1	0
95	C	0	0	0	1	1
96	G	0	0	1	1	1
97	L	0	1	1	0	0
98	L	0	1	1	0	0
99	E	0	0	1	0	1
100	B	0	0	0	1	0
101	N	0	1	1	1	0
102	H	0	1	0	0	0
103	O	0	1	1	1	1
104	U	1	0	1	0	1
105	A	0	0	0	0	1
106	F	0	0	1	1	0
107	C	0	0	0	1	1
108	N	0	1	1	1	0
109	H	0	1	0	0	0
110	O	0	1	1	1	1
111	W	1	0	1	1	1
112	N	0	1	1	1	0
113	C	0	0	0	1	1
114	L	0	1	1	0	0
115	J	0	1	0	1	0
116	F	0	0	1	1	0
117	C	0	0	0	1	1
118	N	0	1	1	1	0
119	L	0	1	1	0	0
120	M	0	1	1	0	1
121	C	0	0	0	1	1
122	N	0	1	1	1	0
123	L	0	1	1	0	0
124	L	0	1	1	0	0
125	M	0	1	1	0	1
126	C	0	0	0	1	1
127	N	0	1	1	1	0
128	N	0	1	1	1	0
129	H	0	1	0	0	0
130	D	0	0	1	0	0
131	L	0	1	1	0	0
132	E	0	0	1	0	1
133	R	1	0	0	1	0
134	V	1	0	1	1	0
135	U	1	0	1	0	1
136	Q	1	0	0	0	1
137	S	1	0	0	1	1
138	L	0	1	1	0	0
139	A	0	0	0	0	1
140	N	0	1	1	1	0
141	K	0	1	0	1	1
142	S	1	0	0	1	1
143	F	0	0	1	1	0
144	N	0	1	1	1	0
145	C	0	0	0	1	1
146	G	0	0	1	1	1
147	M	0	1	1	0	1
148	B	0	0	0	1	0
149	H	0	1	0	0	0
150	X	0	0	0	0	0
151	X	0	0	0	0	0
152	L	0	1	1	0	0
153	I	0	1	0	0	1
154	Q	1	0	0	0	1
155	G	0	0	1	1	1
156	L	0	1	1	0	0
157	A	0	0	0	0	1
158	F	0	0	1	1	0
159	M	0	1	1	0	1
160	D	0	0	1	0	0
161	E	0	0	1	0	1
162	K	0	1	0	1	1
163	N	0	1	1	1	0
164	N	0	1	1	1	0
165	J	0	1	0	1	0
166	G	0	0	1	1	1
167	A	0	0	0	0	1
168	L	0	1	1	0	0
169	N	0	1	1	1	0
170	H	0	1	0	0	0
171	D	0	0	1	0	0
172	L	0	1	1	0	0
173	E	0	0	1	0	1
174	R	1	0	0	1	0
175	V	1	0	1	1	0
176	W	1	0	1	1	1
177	Z	1	1	0	0	0
178	Z	1	1	0	0	0
179	Q	1	0	0	0	1
180	G	0	0	1	1	1
181	L	0	1	1	0	0
182	B	0	0	0	1	0
183	N	0	1	1	1	0
184	H	0	1	0	0	0
185	O	0	1	1	1	1
186	U	1	0	1	0	1
187	A	0	0	0	0	1
188	F	0	0	1	1	0
189	C	0	0	0	1	1
190	N	0	1	1	1	0
191	H	0	1	0	0	0
192	O	0	1	1	1	1
193	W	1	0	1	1	1
194	N	0	1	1	1	0
195	C	0	0	0	1	1
196	N	0	1	1	1	0
197	M	0	1	1	0	1
198	B	0	0	0	1	0
199	N	0	1	1	1	0
200	Z	1	1	0	0	0
201	S	1	0	0	1	1
202	E	0	0	1	0	1
203	R	1	0	0	1	0
204	U	1	0	1	0	1
205	L	0	1	1	0	0
206	A	0	0	0	0	1
207	N	0	1	1	1	0
208	K	0	1	0	1	1
209	R	1	0	0	1	0
210	W	1	0	1	1	1
211	C	0	0	0	1	1
212	G	0	0	1	1	1
213	A	0	0	0	0	1
214	N	0	1	1	1	0
215	C	0	0	0	1	1
216	G	0	0	1	1	1
217	L	0	1	1	0	0
218	M	0	1	1	0	1
219	D	0	0	1	0	0
220	E	0	0	1	0	1
221	I	0	1	0	0	1
222	O	0	1	1	1	1
223	V	1	0	1	1	0
224	V	1	0	1	1	0
225	T	1	0	1	0	0
226	E	0	0	1	0	1
227	O	0	1	1	1	1
228	B	0	0	0	1	0
229	K	0	1	0	1	1
230	C	0	0	0	1	1
231	L	0	1	1	0	0
232	I	0	1	0	0	1
233	V	1	0	1	1	0
234	K	0	1	0	1	1
235	C	0	0	0	1	1
236	L	0	1	1	0	0
237	I	0	1	0	0	1
238	Z	1	1	0	0	0
239	S	1	0	0	1	1
240	W	1	0	1	1	1
241	R	1	0	0	1	0
242	B	0	0	0	1	0
243	N	0	1	1	1	0
244	M	0	1	1	0	1
245	B	0	0	0	1	0
246	H	0	1	0	0	0
247	I	0	1	0	0	1
248	L	0	1	1	0	0
249	L	0	1	1	0	0
250	J	0	1	0	1	0
251	F	0	0	1	1	0
252	C	0	0	0	1	1
253	N	0	1	1	1	0
254	M	0	1	1	0	1
255	B	0	0	0	1	0
256	H	0	1	0	0	0
257	K	0	1	0	1	1
258	W	1	0	1	1	1
259	S	1	0	0	1	1
260	G	0	0	1	1	1
261	O	0	1	1	1	1
262	V	1	0	1	1	0
263	J	0	1	0	1	0
264	Z	1	1	0	0	0
265	Q	1	0	0	0	1
266	Z	1	1	0	0	0
267	V	1	0	1	1	0
268	O	0	1	1	1	1
269	V	1	0	1	1	0
270	I	0	1	0	0	1
271	A	0	0	0	0	1
272	N	0	1	1	1	0
273	K	0	1	0	1	1
274	W	1	0	1	1	1
275	R	1	0	0	1	0
276	D	0	0	1	0	0
277	X	0	0	0	0	0
278	X	0	0	0	0	0
279	L	0	1	1	0	0
280	I	0	1	0	0	1
281	Q	1	0	0	0	1
282	G	0	0	1	1	1
283	L	0	1	1	0	0
284	A	0	0	0	0	1
285	F	0	0	1	1	0
286	M	0	1	1	0	1
287	D	0	0	1	0	0
288	E	0	0	1	0	1
289	K	0	1	0	1	1
290	N	0	1	1	1	0
291	N	0	1	1	1	0
292	J	0	1	0	1	0
293	G	0	0	1	1	1
294	A	0	0	0	0	1
295	L	0	1	1	0	0
296	N	0	1	1	1	0
297	N	0	1	1	1	0
298	N	0	1	1	1	0
299	H	0	1	0	0	0
300	D	0	0	1	0	0
301	L	0	1	1	0	0
302	E	0	0	1	0	1
303	R	1	0	0	1	0
304	V	1	0	1	1	0
305	V	1	0	1	1	0
306	P	1	0	0	0	0
307	H	0	1	0	0	0
308	R	1	0	0	1	0
309	D	0	0	1	0	0
310	I	0	1	0	0	1
311	A	0	0	0	0	1
312	N	0	1	1	1	0
313	K	0	1	0	1	1
314	V	1	0	1	1	0
315	K	0	1	0	1	1
316	C	0	0	0	1	1
317	T	1	0	1	0	0
318	U	1	0	1	0	1
319	I	0	1	0	0	1
320	L	0	1	1	0	0
321	L	0	1	1	0	0
322	I	0	1	0	0	1
323	U	1	0	1	0	1
324	O	0	1	1	1	1
325	B	0	0	0	1	0
326	I	0	1	0	0	1
327	B	0	0	0	1	0
328	J	0	1	0	1	0
329	Z	1	1	0	0	0
330	S	1	0	0	1	1
331	Z	1	1	0	0	0
332	W	1	0	1	1	1
333	N	0	1	1	1	0
334	C	0	0	0	1	1
335	N	0	1	1	1	0
336	N	0	1	1	1	0
337	K	0	1	0	1	1
338	R	1	0	0	1	0
339	V	1	0	1	1	0
340	U	1	0	1	0	1
341	Q	1	0	0	0	1
342	S	1	0	0	1	1
343	N	0	1	1	1	0
344	W	1	0	1	1	1
345	U	1	0	1	0	1
346	L	0	1	1	0	0
347	A	0	0	0	0	1
348	N	0	1	1	1	0
349	K	0	1	0	1	1
350	S	1	0	0	1	1
351	F	0	0	1	1	0
352	M	0	1	1	0	1
353	B	0	0	0	1	0
354	H	0	1	0	0	0
355	D	0	0	1	0	0
356	V	1	0	1	1	0
357	V	1	0	1	1	0
358	O	0	1	1	1	1
359	U	1	0	1	0	1
360	I	0	1	0	0	1
361	L	0	1	1	0	0
362	L	0	1	1	0	0
363	I	0	1	0	0	1
364	U	1	0	1	0	1
365	Q	1	0	0	0	1
366	F	0	0	1	1	0
367	R	1	0	0	1	0
368	W	1	0	1	1	1
369	K	0	1	0	1	1
370	N	0	1	1	1	0
371	N	0	1	1	1	0
372	J	0	1	0	1	0
373	G	0	0	1	1	1
374	A	0	0	0	0	1
375	L	0	1	1	0	0
376	L	0	1	1	0	0
377	B	0	0	0	1	0
378	N	0	1	1	1	0
379	N	0	1	1	1	0
380	D	0	0	1	0	0
381	M	0	1	1	0	1
382	B	0	0	0	1	0
383	H	0	1	0	0	0
384	I	0	1	0	0	1
385	L	0	1	1	0	0
386	L	0	1	1	0	0
387	J	0	1	0	1	0
388	F	0	0	1	1	0
389	D	0	0	1	0	0
390	E	0	0	1	0	1
391	K	0	1	0	1	1
392	M	0	1	1	0	1
393	D	0	0	1	0	0
394	I	0	1	0	0	1
395	A	0	0	0	0	1
396	Q	1	0	0	0	1
397	F	0	0	1	1	0
398	S	1	0	0	1	1
399	Z	1	1	0	0	0
400	Z	1	1	0	0	0
401	Q	1	0	0	0	1
402	G	0	0	1	1	1
403	L	0	1	1	0	0
404	B	0	0	0	1	0
405	N	0	1	1	1	0
406	H	0	1	0	0	0
407	O	0	1	1	1	1
408	V	1	0	1	1	0
409	V	1	0	1	1	0
410	T	1	0	1	0	0
411	F	0	0	1	1	0
412	S	1	0	0	1	1
413	U	1	0	1	0	1
414	U	1	0	1	0	1
415	P	1	0	0	0	0
416	W	1	0	1	1	1
417	Z	1	1	0	0	0
418	Z	1	1	0	0	0
419	Q	1	0	0	0	1
420	G	0	0	1	1	1
421	M	0	1	1	0	1
422	D	0	0	1	0	0
423	E	0	0	1	0	1
424	B	0	0	0	1	0
425	X	0	0	0	0	0
426	X	0	0	0	0	0
427	L	0	1	1	0	0
428	I	0	1	0	0	1
429	Q	1	0	0	0	1
430	G	0	0	1	1	1
431	L	0	1	1	0	0
432	A	0	0	0	0	1
433	F	0	0	1	1	0
434	N	0	1	1	1	0
435	N	0	1	1	1	0
436	H	0	1	0	0	0
437	D	0	0	1	0	0
438	L	0	1	1	0	0
439	E	0	0	1	0	1
440	R	1	0	0	1	0
441	V	1	0	1	1	0
442	V	1	0	1	1	0
443	O	0	1	1	1	1
444	U	1	0	1	0	1
445	I	0	1	0	0	1
446	L	0	1	1	0	0
447	L	0	1	1	0	0
448	I	0	1	0	0	1
449	U	1	0	1	0	1
450	O	0	1	1	1	1
451	B	0	0	0	1	0
452	K	0	1	0	1	1
453	D	0	0	1	0	0
454	I	0	1	0	0	1
455	A	0	0	0	0	1
456	Q	1	0	0	0	1
457	F	0	0	1	1	0
458	R	1	0	0	1	0
459	Z	1	1	0	0	0
460	S	1	0	0	1	1
461	Z	1	1	0	0	0
462	Z	1	1	0	0	0
463	Q	1	0	0	0	1
464	H	0	1	0	0	0
465	O	0	1	1	1	1
466	V	1	0	1	1	0
467	V	1	0	1	1	0
468	R	1	0	0	1	0
469	V	1	0	1	1	0
470	K	0	1	0	1	1
471	C	0	0	0	1	1
472	L	0	1	1	0	0
473	J	0	1	0	1	0
474	F	0	0	1	1	0
475	C	0	0	0	1	1
476	N	0	1	1	1	0
477	N	0	1	1	1	0
478	D	0	0	1	0	0
479	M	0	1	1	0	1
480	B	0	0	0	1	0
481	H	0	1	0	0	0
482	I	0	1	0	0	1
483	L	0	1	1	0	0
484	M	0	1	1	0	1
485	C	0	0	0	1	1
486	N	0	1	1	1	0
487	N	0	1	1	1	0
488	K	0	1	0	1	1
489	W	1	0	1	1	1
490	R	1	0	0	1	0
491	D	0	0	1	0	0
492	I	0	1	0	0	1
493	A	0	0	0	0	1
494	N	0	1	1	1	0
495	K	0	1	0	1	1
496	V	1	0	1	1	0
497	J	0	1	0	1	0
498	Z	1	1	0	0	0
499	P	1	0	0	0	0
500	H	0	1	0	0	0
501	R	1	0	0	1	0
502	D	0	0	1	0	0
503	I	0	1	0	0	1
504	B	0	0	0	1	0
505	J	0	1	0	1	0
506	Z	1	1	0	0	0
507	Q	1	0	0	0	1
508	Z	1	1	0	0	0
509	W	1	0	1	1	1
510	C	0	0	0	1	1
511	G	0	0	1	1	1
512	A	0	0	0	0	1
513	L	0	1	1	0	0
514	E	0	0	1	0	1
515	T	1	0	1	0	0
516	I	0	1	0	0	1
517	L	0	1	1	0	0
518	L	0	1	1	0	0
519	I	0	1	0	0	1
520	O	0	1	1	1	1
521	U	1	0	1	0	1
522	A	0	0	0	0	1
523	F	0	0	1	1	0
524	C	0	0	0	1	1
525	N	0	1	1	1	0
526	H	0	1	0	0	0
527	O	0	1	1	1	1
528	V	1	0	1	1	0
529	U	1	0	1	0	1
530	Z	1	1	0	0	0
531	Z	1	1	0	0	0
532	S	1	0	0	1	1
533	E	0	0	1	0	1
534	R	1	0	0	1	0
535	U	1	0	1	0	1
536	L	0	1	1	0	0
537	A	0	0	0	0	1
538	L	0	1	1	0	0
539	M	0	1	1	0	1
540	D	0	0	1	0	0
541	L	0	1	1	0	0
542	U	1	0	1	0	1
543	B	0	0	0	1	0
544	W	1	0	1	1	1
545	N	0	1	1	1	0
546	C	0	0	0	1	1
547	L	0	1	1	0	0
548	J	0	1	0	1	0
549	F	0	0	1	1	0
550	C	0	0	0	1	1
551	N	0	1	1	1	0
552	M	0	1	1	0	1
553	B	0	0	0	1	0
554	H	0	1	0	0	0
555	X	0	0	0	0	0
556	X	0	0	0	0	0
557	L	0	1	1	0	0
558	I	0	1	0	0	1
559	O	0	1	1	1	1
560	V	1	0	1	1	0
561	V	1	0	1	1	0
562	R	1	0	0	1	0
563	V	1	0	1	1	0
564	I	0	1	0	0	1
565	A	0	0	0	0	1
566	Q	1	0	0	0	1
567	F	0	0	1	1	0
568	R	1	0	0	1	0
569	V	1	0	1	1	0
570	I	0	1	0	0	1
571	A	0	0	0	0	1
572	Q	1	0	0	0	1
573	F	0	0	1	1	0
574	R	1	0	0	1	0
575	V	1	0	1	1	0
576	I	0	1	0	0	1
577	A	0	0	0	0	1
578	P	1	0	0	0	0
579	W	1	0	1	1	1
580	K	0	1	0	1	1
581	N	0	1	1	1	0
582	N	0	1	1	1	0
583	K	0	1	0	1	1
584	W	1	0	1	1	1
585	R	1	0	0	1	0
586	D	0	0	1	0	0
587	I	0	1	0	0	1
588	A	0	0	0	0	1
589	N	0	1	1	1	0
590	K	0	1	0	1	1
591	V	1	0	1	1	0
592	J	0	1	0	1	0
593	Z	1	1	0	0	0
594	Q	1	0	0	0	1
595	Z	1	1	0	0	0
596	Z	1	1	0	0	0
597	S	1	0	0	1	1
598	F	0	0	1	1	0
599	N	0	1	1	1	0
600	C	0	0	0	1	1
601	G	0	0	1	1	1
602	L	0	1	1	0	0
603	L	0	1	1	0	0
604	E	0	0	1	0	1
605	B	0	0	0	1	0
606	N	0	1	1	1	0
607	H	0	1	0	0	0
608	O	0	1	1	1	1
609	U	1	0	1	0	1
610	A	0	0	0	0	1
611	F	0	0	1	1	0
612	C	0	0	0	1	1
613	N	0	1	1	1	0
614	H	0	1	0	0	0
615	P	1	0	0	0	0
616	K	0	1	0	1	1
617	N	0	1	1	1	0
618	N	0	1	1	1	0
619	K	0	1	0	1	1
620	S	1	0	0	1	1
621	F	0	0	1	1	0
622	N	0	1	1	1	0
623	D	0	0	1	0	0
624	L	0	1	1	0	0
625	E	0	0	1	0	1
626	R	1	0	0	1	0
627	V	1	0	1	1	0
628	V	1	0	1	1	0
629	O	0	1	1	1	1
630	V	1	0	1	1	0
631	J	0	1	0	1	0
632	Z	1	1	0	0	0
633	Q	1	0	0	0	1
634	Z	1	1	0	0	0
635	Z	1	1	0	0	0
636	S	1	0	0	1	1
637	F	0	0	1	1	0
638	N	0	1	1	1	0
639	D	0	0	1	0	0
640	L	0	1	1	0	0
641	E	0	0	1	0	1
642	R	1	0	0	1	0
643	V	1	0	1	1	0
644	Z	1	1	0	0	0
645	S	1	0	0	1	1
646	F	0	0	1	1	0
647	M	0	1	1	0	1
648	B	0	0	0	1	0
649	H	0	1	0	0	0
650	D	0	0	1	0	0
651	U	1	0	1	0	1
652	L	0	1	1	0	0
653	A	0	0	0	0	1
654	N	0	1	1	1	0
655	K	0	1	0	1	1
656	S	1	0	0	1	1
657	E	0	0	1	0	1
658	R	1	0	0	1	0
659	U	1	0	1	0	1
660	L	0	1	1	0	0
661	A	0	0	0	0	1
662	N	0	1	1	1	0
663	K	0	1	0	1	1
664	T	1	0	1	0	0
665	J	0	1	0	1	0
666	G	0	0	1	1	1
667	A	0	0	0	0	1
668	L	0	1	1	0	0
669	L	0	1	1	0	0
670	E	0	0	1	0	1
671	A	0	0	0	0	1
672	F	0	0	1	1	0
673	N	0	1	1	1	0
674	M	0	1	1	0	1
675	A	0	0	0	0	1
676	L	0	1	1	0	0
677	L	0	1	1	0	0
678	F	0	0	1	1	0
679	M	0	1	1	0	1
680	D	0	0	1	0	0
681	E	0	0	1	0	1
682	K	0	1	0	1	1
683	M	0	1	1	0	1
684	D	0	0	1	0	0
685	L	0	1	1	0	0
686	U	1	0	1	0	1
687	B	0	0	0	1	0
688	V	1	0	1	1	0
689	V	1	0	1	1	0
690	R	1	0	0	1	0
691	V	1	0	1	1	0
692	K	0	1	0	1	1
693	C	0	0	0	1	1
694	N	0	1	1	1	0
695	N	0	1	1	1	0
696	K	0	1	0	1	1
697	W	1	0	1	1	1
698	S	1	0	0	1	1
699	G	0	0	1	1	1
700	O	0	1	1	1	1
701	U	1	0	1	0	1
702	J	0	1	0	1	0
703	G	0	0	1	1	1
704	A	0	0	0	0	1
705	L	0	1	1	0	0
706	M	0	1	1	0	1
707	D	0	0	1	0	0
708	E	0	0	1	0	1
709	X	0	0	0	0	0
710	X	0	0	0	0	0
711	L	0	1	1	0	0
712	I	0	1	0	0	1
713	O	0	1	1	1	1
714	U	1	0	1	0	1
715	A	0	0	0	0	1
716	F	0	0	1	1	0
717	C	0	0	0	1	1
718	N	0	1	1	1	0
719	H	0	1	0	0	0
720	O	0	1	1	1	1
721	V	1	0	1	1	0
722	V	1	0	1	1	0
723	R	1	0	0	1	0
724	V	1	0	1	1	0
725	I	0	1	0	0	1
726	A	0	0	0	0	1
727	P	1	0	0	0	0
728	W	1	0	1	1	1
729	K	0	1	0	1	1
730	N	0	1	1	1	0
731	N	0	1	1	1	0
732	K	0	1	0	1	1
733	W	1	0	1	1	1
734	R	1	0	0	1	0
735	D	0	0	1	0	0
736	I	0	1	0	0	1
737	A	0	0	0	0	1
738	M	0	1	1	0	1
739	B	0	0	0	1	0
740	K	0	1	0	1	1
741	C	0	0	0	1	1
742	S	1	0	0	1	1
743	G	0	0	1	1	1
744	O	0	1	1	1	1
745	V	1	0	1	1	0
746	J	0	1	0	1	0
747	Z	1	1	0	0	0
748	Q	1	0	0	0	1
749	Z	1	1	0	0	0
750	Z	1	1	0	0	0
751	S	1	0	0	1	1
752	F	0	0	1	1	0
753	N	0	1	1	1	0
754	C	0	0	0	1	1
755	G	0	0	1	1	1
756	L	0	1	1	0	0
757	M	0	1	1	0	1
758	D	0	0	1	0	0
759	E	0	0	1	0	1
760	K	0	1	0	1	1
761	N	0	1	1	1	0
762	N	0	1	1	1	0
763	K	0	1	0	1	1
764	T	1	0	1	0	0
765	I	0	1	0	0	1
766	L	0	1	1	0	0
767	L	0	1	1	0	0
768	I	0	1	0	0	1
769	Q	1	0	0	0	1
770	G	0	0	1	1	1
771	L	0	1	1	0	0
772	A	0	0	0	0	1
773	F	0	0	1	1	0
774	N	0	1	1	1	0
775	M	0	1	1	0	1
776	B	0	0	0	1	0
777	H	0	1	0	0	0
778	I	0	1	0	0	1
779	L	0	1	1	0	0
780	M	0	1	1	0	1
781	D	0	0	1	0	0
782	L	0	1	1	0	0
783	U	1	0	1	0	1
784	B	0	0	0	1	0
785	W	1	0	1	1	1
786	N	0	1	1	1	0
787	C	0	0	0	1	1
788	N	0	1	1	1	0
789	N	0	1	1	1	0
790	K	0	1	0	1	1
791	R	1	0	0	1	0
792	V	1	0	1	1	0
793	V	1	0	1	1	0
794	Z	1	1	0	0	0
795	Z	1	1	0	0	0
796	S	1	0	0	1	1
797	E	0	0	1	0	1
798	T	1	0	1	0	0
799	I	0	1	0	0	1
800	L	0	1	1	0	0
801	L	0	1	1	0	0
802	I	0	1	0	0	1
803	P	1	0	0	0	0
804	K	0	1	0	1	1
805	N	0	1	1	1	0
806	N	0	1	1	1	0
807	K	0	1	0	1	1
808	R	1	0	0	1	0
809	V	1	0	1	1	0
810	V	1	0	1	1	0
811	Z	1	1	0	0	0
812	U	1	0	1	0	1
813	L	0	1	1	0	0
814	A	0	0	0	0	1
815	N	0	1	1	1	0
816	K	0	1	0	1	1
817	S	1	0	0	1	1
818	F	0	0	1	1	0
819	N	0	1	1	1	0
820	D	0	0	1	0	0
821	L	0	1	1	0	0
822	E	0	0	1	0	1
823	R	1	0	0	1	0
824	V	1	0	1	1	0
825	V	1	0	1	1	0
826	Z	1	1	0	0	0
827	Z	1	1	0	0	0
828	S	1	0	0	1	1
829	E	0	0	1	0	1
830	R	1	0	0	1	0
831	W	1	0	1	1	1
832	C	0	0	0	1	1
833	G	0	0	1	1	1
834	A	0	0	0	0	1
835	L	0	1	1	0	0
836	E	0	0	1	0	1
837	R	1	0	0	1	0
838	V	1	0	1	1	0
839	V	1	0	1	1	0
840	O	0	1	1	1	1
841	U	1	0	1	0	1
842	I	0	1	0	0	1
843	L	0	1	1	0	0
844	L	0	1	1	0	0
845	I	0	1	0	0	1
846	U	1	0	1	0	1
847	Q	1	0	0	0	1
848	F	0	0	1	1	0
849	R	1	0	0	1	0
850	V	1	0	1	1	0
851	K	0	1	0	1	1
852	C	0	0	0	1	1
853	L	0	1	1	0	0
854	J	0	1	0	1	0
855	F	0	0	1	1	0
856	D	0	0	1	0	0
857	E	0	0	1	0	1
858	K	0	1	0	1	1
859	N	0	1	1	1	0
860	N	0	1	1	1	0
861	J	0	1	0	1	0
862	G	0	0	1	1	1
863	X	0	0	0	0	0
864	X	0	0	0	0	0
865	L	0	1	1	0	0
866	I	0	1	0	0	1
867	Q	1	0	0	0	1
868	G	0	0	1	1	1
869	L	0	1	1	0	0
870	A	0	0	0	0	1
871	E	0	0	1	0	1
872	B	0	0	0	1	0
873	N	0	1	1	1	0
874	H	0	1	0	0	0
875	O	0	1	1	1	1
876	V	1	0	1	1	0
877	V	1	0	1	1	0
878	R	1	0	0	1	0
879	U	1	0	1	0	1
880	Q	1	0	0	0	1
881	F	0	0	1	1	0
882	R	1	0	0	1	0
883	V	1	0	1	1	0
884	I	0	1	0	0	1
885	A	0	0	0	0	1
886	Q	1	0	0	0	1
887	F	0	0	1	1	0
888	R	1	0	0	1	0
889	V	1	0	1	1	0
890	K	0	1	0	1	1
891	C	0	0	0	1	1
892	N	0	1	1	1	0
893	N	0	1	1	1	0
894	K	0	1	0	1	1
895	W	1	0	1	1	1
896	R	1	0	0	1	0
897	D	0	0	1	0	0
898	J	0	1	0	1	0
899	Z	1	1	0	0	0
900	Q	1	0	0	0	1
901	Z	1	1	0	0	0
902	V	1	0	1	1	0
903	O	0	1	1	1	1
904	V	1	0	1	1	0
905	I	0	1	0	0	1
906	A	0	0	0	0	1
907	N	0	1	1	1	0
908	K	0	1	0	1	1
909	Z	1	1	0	0	0
910	Q	1	0	0	0	1
911	Z	1	1	0	0	0
912	V	1	0	1	1	0
913	O	0	1	1	1	1
914	U	1	0	1	0	1
915	I	0	1	0	0	1
916	L	0	1	1	0	0
917	L	0	1	1	0	0
918	J	0	1	0	1	0
919	F	0	0	1	1	0
920	C	0	0	0	1	1
921	N	0	1	1	1	0
922	M	0	1	1	0	1
923	B	0	0	0	1	0
924	H	0	1	0	0	0
925	K	0	1	0	1	1
926	W	1	0	1	1	1
927	S	1	0	0	1	1
928	G	0	0	1	1	1
929	Q	1	0	0	0	1
930	Z	1	1	0	0	0
931	Z	1	1	0	0	0
932	S	1	0	0	1	1
933	F	0	0	1	1	0
934	N	0	1	1	1	0
935	D	0	0	1	0	0
936	L	0	1	1	0	0
937	E	0	0	1	0	1
938	R	1	0	0	1	0
939	W	1	0	1	1	1
940	C	0	0	0	1	1
941	G	0	0	1	1	1
942	A	0	0	0	0	1
943	N	0	1	1	1	0
944	C	0	0	0	1	1
945	G	0	0	1	1	1
946	L	0	1	1	0	0
947	M	0	1	1	0	1
948	D	0	0	1	0	0
949	E	0	0	1	0	1
950	I	0	1	0	0	1
951	O	0	1	1	1	1
952	V	1	0	1	1	0
953	U	1	0	1	0	1
954	U	1	0	1	0	1
955	Q	1	0	0	0	1
956	S	1	0	0	1	1
957	N	0	1	1	1	0
958	W	1	0	1	1	1
959	U	1	0	1	0	1
960	L	0	1	1	0	0
961	A	0	0	0	0	1
962	N	0	1	1	1	0
963	K	0	1	0	1	1
964	T	1	0	1	0	0
965	J	0	1	0	1	0
966	G	0	0	1	1	1
967	A	0	0	0	0	1
968	L	0	1	1	0	0
969	L	0	1	1	0	0
970	E	0	0	1	0	1
971	B	0	0	0	1	0
972	N	0	1	1	1	0
973	H	0	1	0	0	0
974	O	0	1	1	1	1
975	V	1	0	1	1	0
976	U	1	0	1	0	1
977	U	1	0	1	0	1
978	Q	1	0	0	0	1
979	S	1	0	0	1	1
980	L	0	1	1	0	0
981	A	0	0	0	0	1
982	L	0	1	1	0	0
983	M	0	1	1	0	1
984	D	0	0	1	0	0
985	L	0	1	1	0	0
986	U	1	0	1	0	1
987	A	0	0	0	0	1
988	F	0	0	1	1	0
989	C	0	0	0	1	1
990	X	0	0	0	0	0
991	X	0	0	0	0	0
992	L	0	1	1	0	0
993	I	0	1	0	0	1
994	O	0	1	1	1	1
995	V	1	0	1	1	0
996	V	1	0	1	1	0
997	T	1	0	1	0	0
998	E	0	0	1	0	1
999	O	0	1	1	1	1
1000	A	0	0	0	0	1
1001	Q	1	0	0	0	1
1002	F	0	0	1	1	0
1003	R	1	0	0	1	0
1004	V	1	0	1	1	0
1005	I	0	1	0	0	1
1006	A	0	0	0	0	1
1007	P	1	0	0	0	0
1008	W	1	0	1	1	1
1009	K	0	1	0	1	1
1010	N	0	1	1	1	0
1011	N	0	1	1	1	0
1012	K	0	1	0	1	1
1013	W	1	0	1	1	1
1014	R	1	0	0	1	0
1015	D	0	0	1	0	0
1016	I	0	1	0	0	1
1017	A	0	0	0	0	1
1018	N	0	1	1	1	0
1019	K	0	1	0	1	1
1020	V	1	0	1	1	0
1021	J	0	1	0	1	0
1022	Z	1	1	0	0	0
1023	Q	1	0	0	0	1
1024	Z	1	1	0	0	0
1025	Z	1	1	0	0	0
1026	S	1	0	0	1	1
1027	F	0	0	1	1	0
1028	N	0	1	1	1	0
1029	C	0	0	0	1	1
1030	G	0	0	1	1	1
1031	L	0	1	1	0	0
1032	L	0	1	1	0	0
1033	E	0	0	1	0	1
1034	B	0	0	0	1	0
1035	N	0	1	1	1	0
1036	H	0	1	0	0	0
1037	O	0	1	1	1	1
1038	U	1	0	1	0	1
1039	A	0	0	0	0	1
1040	F	0	0	1	1	0
1041	C	0	0	0	1	1
1042	N	0	1	1	1	0
1043	H	0	1	0	0	0
1044	O	0	1	1	1	1
1045	W	1	0	1	1	1
1046	N	0	1	1	1	0
1047	C	0	0	0	1	1
1048	L	0	1	1	0	0
1049	J	0	1	0	1	0
1050	F	0	0	1	1	0
1051	C	0	0	0	1	1
1052	N	0	1	1	1	0
1053	M	0	1	1	0	1
1054	B	0	0	0	1	0
1055	H	0	1	0	0	0
1056	K	0	1	0	1	1
1057	T	1	0	1	0	0
1058	I	0	1	0	0	1
1059	L	0	1	1	0	0
1060	L	0	1	1	0	0
1061	I	0	1	0	0	1
1062	K	0	1	0	1	1
1063	N	0	1	1	1	0
1064	N	0	1	1	1	0
1065	K	0	1	0	1	1
1066	R	1	0	0	1	0
1067	V	1	0	1	1	0
1068	V	1	0	1	1	0
1069	Z	1	1	0	0	0
1070	U	1	0	1	0	1
1071	L	0	1	1	0	0
1072	A	0	0	0	0	1
1073	N	0	1	1	1	0
1074	K	0	1	0	1	1
1075	S	1	0	0	1	1
1076	F	0	0	1	1	0
1077	M	0	1	1	0	1
1078	B	0	0	0	1	0
1079	H	0	1	0	0	0
1080	D	0	0	1	0	0
1081	V	1	0	1	1	0
1082	V	1	0	1	1	0
1083	P	1	0	0	0	0
1084	H	0	1	0	0	0
1085	T	1	0	1	0	0
1086	U	1	0	1	0	1
1087	J	0	1	0	1	0
1088	G	0	0	1	1	1
1089	A	0	0	0	0	1
1090	L	0	1	1	0	0
1091	M	0	1	1	0	1
1092	D	0	0	1	0	0
1093	E	0	0	1	0	1
1094	K	0	1	0	1	1
1095	N	0	1	1	1	0
1096	M	0	1	1	0	1
1097	A	0	0	0	0	1
1098	L	0	1	1	0	0
1099	M	0	1	1	0	1
1100	D	0	0	1	0	0
1101	X	0	0	0	0	0
