Point 	Label	A	R	N	D	C	E	Q	G	H	I	L	K	M	F	P	S	T	W	Y	V
1	M	0	0	0	0	0	0	0	0	0	0	0	0	1	0	0	0	0	0	0	0
2	Y	0	0	0	0	0	0	0	0	0	0	0	0	0	0	0	0	0	0	1	0
3	I	0	0	0	0	0	0	0	0	0	1	0	0	0	0	0	0	0	0	0	0
4	S	0	0	0	0	0	0	0	0	0	0	0	0	0	0	0	1	0	0	0	0
5	K	0	0	0	0	0	0	0	0	0	0	0	1	0	0	0	0	0	0	0	0
6	T	0	0	0	0	0	0	0	0	0	0	0	0	0	0	0	0	1	0	0	0
7	I	0	0	0	0	0	0	0	0	0	1	0	0	0	0	0	0	0	0	0	0
8	V	0	0	0	0	0	0	0	0	0	0	0	0	0	0	0	0	0	0	0	1
9	F	0	0	0	0	0	0	0	0	0	0	0	0	0	1	0	0	0	0	0	0
10	G	0	0	0	0	0	0	0	1	0	0	0	0	0	0	0	0	0	0	0	0
11	L	0	0	0	0	0	0	0	0	0	0	1	0	0	0	0	0	0	0	0	0
12	F	0	0	0	0	0	0	0	0	0	0	0	0	0	1	0	0	0	0	0	0
13	V	0	0	0	0	0	0	0	0	0	0	0	0	0	0	0	0	0	0	0	1
14	A	1	0	0	0	0	0	0	0	0	0	0	0	0	0	0	0	0	0	0	0
15	T	0	0	0	0	0	0	0	0	0	0	0	0	0	0	0	0	1	0	0	0
16	L	0	0	0	0	0	0	0	0	0	0	1	0	0	0	0	0	0	0	0	0
17	L	0	0	0	0	0	0	0	0	0	0	1	0	0	0	0	0	0	0	0	0
18	V	0	0	0	0	0	0	0	0	0	0	0	0	0	0	0	0	0	0	0	1
19	S	0	0	0	0	0	0	0	0	0	0	0	0	0	0	0	1	0	0	0	0
20	C	0	0	0	0	1	0	0	0	0	0	0	0	0	0	0	0	0	0	0	0
21	N	0	0	1	0	0	0	0	0	0	0	0	0	0	0	0	0	0	0	0	0
22	A	1	0	0	0	0	0	0	0	0	0	0	0	0	0	0	0	0	0	0	0
23	D	0	0	0	1	0	0	0	0	0	0	0	0	0	0	0	0	0	0	0	0
24	A	1	0	0	0	0	0	0	0	0	0	0	0	0	0	0	0	0	0	0	0
25	N	0	0	1	0	0	0	0	0	0	0	0	0	0	0	0	0	0	0	0	0
26	T	0	0	0	0	0	0	0	0	0	0	0	0	0	0	0	0	1	0	0	0
27	T	0	0	0	0	0	0	0	0	0	0	0	0	0	0	0	0	1	0	0	0
28	Q	0	0	0	0	0	0	1	0	0	0	0	0	0	0	0	0	0	0	0	0
29	P	0	0	0	0	0	0	0	0	0	0	0	0	0	0	1	0	0	0	0	0
30	L	0	0	0	0	0	0	0	0	0	0	1	0	0	0	0	0	0	0	0	0
31	F	0	0	0	0	0	0	0	0	0	0	0	0	0	1	0	0	0	0	0	0
32	P	0	0	0	0	0	0	0	0	0	0	0	0	0	0	1	0	0	0	0	0
33	A	1	0	0	0	0	0	0	0	0	0	0	0	0	0	0	0	0	0	0	0
34	I	0	0	0	0	0	0	0	0	0	1	0	0	0	0	0	0	0	0	0	0
35	L	0	0	0	0	0	0	0	0	0	0	1	0	0	0	0	0	0	0	0	0
36	I	0	0	0	0	0	0	0	0	0	1	0	0	0	0	0	0	0	0	0	0
37	F	0	0	0	0	0	0	0	0	0	0	0	0	0	1	0	0	0	0	0	0
38	G	0	0	0	0	0	0	0	1	0	0	0	0	0	0	0	0	0	0	0	0
39	D	0	0	0	1	0	0	0	0	0	0	0	0	0	0	0	0	0	0	0	0
40	S	0	0	0	0	0	0	0	0	0	0	0	0	0	0	0	1	0	0	0	0
41	T	0	0	0	0	0	0	0	0	0	0	0	0	0	0	0	0	1	0	0	0
42	A	1	0	0	0	0	0	0	0	0	0	0	0	0	0	0	0	0	0	0	0
43	D	0	0	0	1	0	0	0	0	0	0	0	0	0	0	0	0	0	0	0	0
44	T	0	0	0	0	0	0	0	0	0	0	0	0	0	0	0	0	1	0	0	0
45	G	0	0	0	0	0	0	0	1	0	0	0	0	0	0	0	0	0	0	0	0
46	N	0	0	1	0	0	0	0	0	0	0	0	0	0	0	0	0	0	0	0	0
47	N	0	0	1	0	0	0	0	0	0	0	0	0	0	0	0	0	0	0	0	0
48	N	0	0	1	0	0	0	0	0	0	0	0	0	0	0	0	0	0	0	0	0
49	Y	0	0	0	0	0	0	0	0	0	0	0	0	0	0	0	0	0	0	1	0
50	Y	0	0	0	0	0	0	0	0	0	0	0	0	0	0	0	0	0	0	1	0
51	S	0	0	0	0	0	0	0	0	0	0	0	0	0	0	0	1	0	0	0	0
52	Q	0	0	0	0	0	0	1	0	0	0	0	0	0	0	0	0	0	0	0	0
53	A	1	0	0	0	0	0	0	0	0	0	0	0	0	0	0	0	0	0	0	0
54	V	0	0	0	0	0	0	0	0	0	0	0	0	0	0	0	0	0	0	0	1
55	F	0	0	0	0	0	0	0	0	0	0	0	0	0	1	0	0	0	0	0	0
56	K	0	0	0	0	0	0	0	0	0	0	0	1	0	0	0	0	0	0	0	0
57	A	1	0	0	0	0	0	0	0	0	0	0	0	0	0	0	0	0	0	0	0
58	N	0	0	1	0	0	0	0	0	0	0	0	0	0	0	0	0	0	0	0	0
59	H	0	0	0	0	0	0	0	0	1	0	0	0	0	0	0	0	0	0	0	0
60	L	0	0	0	0	0	0	0	0	0	0	1	0	0	0	0	0	0	0	0	0
61	P	0	0	0	0	0	0	0	0	0	0	0	0	0	0	1	0	0	0	0	0
62	Y	0	0	0	0	0	0	0	0	0	0	0	0	0	0	0	0	0	0	1	0
63	G	0	0	0	0	0	0	0	1	0	0	0	0	0	0	0	0	0	0	0	0
64	V	0	0	0	0	0	0	0	0	0	0	0	0	0	0	0	0	0	0	0	1
65	D	0	0	0	1	0	0	0	0	0	0	0	0	0	0	0	0	0	0	0	0
66	L	0	0	0	0	0	0	0	0	0	0	1	0	0	0	0	0	0	0	0	0
67	P	0	0	0	0	0	0	0	0	0	0	0	0	0	0	1	0	0	0	0	0
68	G	0	0	0	0	0	0	0	1	0	0	0	0	0	0	0	0	0	0	0	0
69	H	0	0	0	0	0	0	0	0	1	0	0	0	0	0	0	0	0	0	0	0
70	E	0	0	0	0	0	1	0	0	0	0	0	0	0	0	0	0	0	0	0	0
71	A	1	0	0	0	0	0	0	0	0	0	0	0	0	0	0	0	0	0	0	0
72	N	0	0	1	0	0	0	0	0	0	0	0	0	0	0	0	0	0	0	0	0
73	G	0	0	0	0	0	0	0	1	0	0	0	0	0	0	0	0	0	0	0	0
74	R	0	1	0	0	0	0	0	0	0	0	0	0	0	0	0	0	0	0	0	0
75	F	0	0	0	0	0	0	0	0	0	0	0	0	0	1	0	0	0	0	0	0
76	S	0	0	0	0	0	0	0	0	0	0	0	0	0	0	0	1	0	0	0	0
77	N	0	0	1	0	0	0	0	0	0	0	0	0	0	0	0	0	0	0	0	0
78	G	0	0	0	0	0	0	0	1	0	0	0	0	0	0	0	0	0	0	0	0
79	K	0	0	0	0	0	0	0	0	0	0	0	1	0	0	0	0	0	0	0	0
80	L	0	0	0	0	0	0	0	0	0	0	1	0	0	0	0	0	0	0	0	0
81	I	0	0	0	0	0	0	0	0	0	1	0	0	0	0	0	0	0	0	0	0
82	S	0	0	0	0	0	0	0	0	0	0	0	0	0	0	0	1	0	0	0	0
83	D	0	0	0	1	0	0	0	0	0	0	0	0	0	0	0	0	0	0	0	0
84	V	0	0	0	0	0	0	0	0	0	0	0	0	0	0	0	0	0	0	0	1
85	I	0	0	0	0	0	0	0	0	0	1	0	0	0	0	0	0	0	0	0	0
86	S	0	0	0	0	0	0	0	0	0	0	0	0	0	0	0	1	0	0	0	0
87	T	0	0	0	0	0	0	0	0	0	0	0	0	0	0	0	0	1	0	0	0
88	K	0	0	0	0	0	0	0	0	0	0	0	1	0	0	0	0	0	0	0	0
89	L	0	0	0	0	0	0	0	0	0	0	1	0	0	0	0	0	0	0	0	0
90	N	0	0	1	0	0	0	0	0	0	0	0	0	0	0	0	0	0	0	0	0
91	I	0	0	0	0	0	0	0	0	0	1	0	0	0	0	0	0	0	0	0	0
92	K	0	0	0	0	0	0	0	0	0	0	0	1	0	0	0	0	0	0	0	0
93	E	0	0	0	0	0	1	0	0	0	0	0	0	0	0	0	0	0	0	0	0
94	F	0	0	0	0	0	0	0	0	0	0	0	0	0	1	0	0	0	0	0	0
95	V	0	0	0	0	0	0	0	0	0	0	0	0	0	0	0	0	0	0	0	1
96	P	0	0	0	0	0	0	0	0	0	0	0	0	0	0	1	0	0	0	0	0
97	P	0	0	0	0	0	0	0	0	0	0	0	0	0	0	1	0	0	0	0	0
98	F	0	0	0	0	0	0	0	0	0	0	0	0	0	1	0	0	0	0	0	0
99	L	0	0	0	0	0	0	0	0	0	0	1	0	0	0	0	0	0	0	0	0
100	Q	0	0	0	0	0	0	1	0	0	0	0	0	0	0	0	0	0	0	0	0
101	P	0	0	0	0	0	0	0	0	0	0	0	0	0	0	1	0	0	0	0	0
102	N	0	0	1	0	0	0	0	0	0	0	0	0	0	0	0	0	0	0	0	0
103	I	0	0	0	0	0	0	0	0	0	1	0	0	0	0	0	0	0	0	0	0
104	S	0	0	0	0	0	0	0	0	0	0	0	0	0	0	0	1	0	0	0	0
105	D	0	0	0	1	0	0	0	0	0	0	0	0	0	0	0	0	0	0	0	0
106	Q	0	0	0	0	0	0	1	0	0	0	0	0	0	0	0	0	0	0	0	0
107	D	0	0	0	1	0	0	0	0	0	0	0	0	0	0	0	0	0	0	0	0
108	I	0	0	0	0	0	0	0	0	0	1	0	0	0	0	0	0	0	0	0	0
109	V	0	0	0	0	0	0	0	0	0	0	0	0	0	0	0	0	0	0	0	1
110	T	0	0	0	0	0	0	0	0	0	0	0	0	0	0	0	0	1	0	0	0
111	G	0	0	0	0	0	0	0	1	0	0	0	0	0	0	0	0	0	0	0	0
112	V	0	0	0	0	0	0	0	0	0	0	0	0	0	0	0	0	0	0	0	1
113	C	0	0	0	0	1	0	0	0	0	0	0	0	0	0	0	0	0	0	0	0
114	F	0	0	0	0	0	0	0	0	0	0	0	0	0	1	0	0	0	0	0	0
115	A	1	0	0	0	0	0	0	0	0	0	0	0	0	0	0	0	0	0	0	0
116	S	0	0	0	0	0	0	0	0	0	0	0	0	0	0	0	1	0	0	0	0
117	A	1	0	0	0	0	0	0	0	0	0	0	0	0	0	0	0	0	0	0	0
118	G	0	0	0	0	0	0	0	1	0	0	0	0	0	0	0	0	0	0	0	0
119	A	1	0	0	0	0	0	0	0	0	0	0	0	0	0	0	0	0	0	0	0
120	G	0	0	0	0	0	0	0	1	0	0	0	0	0	0	0	0	0	0	0	0
121	Y	0	0	0	0	0	0	0	0	0	0	0	0	0	0	0	0	0	0	1	0
122	D	0	0	0	1	0	0	0	0	0	0	0	0	0	0	0	0	0	0	0	0
123	D	0	0	0	1	0	0	0	0	0	0	0	0	0	0	0	0	0	0	0	0
124	E	0	0	0	0	0	1	0	0	0	0	0	0	0	0	0	0	0	0	0	0
125	T	0	0	0	0	0	0	0	0	0	0	0	0	0	0	0	0	1	0	0	0
126	S	0	0	0	0	0	0	0	0	0	0	0	0	0	0	0	1	0	0	0	0
127	L	0	0	0	0	0	0	0	0	0	0	1	0	0	0	0	0	0	0	0	0
128	S	0	0	0	0	0	0	0	0	0	0	0	0	0	0	0	1	0	0	0	0
129	S	0	0	0	0	0	0	0	0	0	0	0	0	0	0	0	1	0	0	0	0
130	K	0	0	0	0	0	0	0	0	0	0	0	1	0	0	0	0	0	0	0	0
131	A	1	0	0	0	0	0	0	0	0	0	0	0	0	0	0	0	0	0	0	0
132	I	0	0	0	0	0	0	0	0	0	1	0	0	0	0	0	0	0	0	0	0
133	P	0	0	0	0	0	0	0	0	0	0	0	0	0	0	1	0	0	0	0	0
134	V	0	0	0	0	0	0	0	0	0	0	0	0	0	0	0	0	0	0	0	1
135	S	0	0	0	0	0	0	0	0	0	0	0	0	0	0	0	1	0	0	0	0
136	Q	0	0	0	0	0	0	1	0	0	0	0	0	0	0	0	0	0	0	0	0
137	Q	0	0	0	0	0	0	1	0	0	0	0	0	0	0	0	0	0	0	0	0
138	P	0	0	0	0	0	0	0	0	0	0	0	0	0	0	1	0	0	0	0	0
139	S	0	0	0	0	0	0	0	0	0	0	0	0	0	0	0	1	0	0	0	0
140	M	0	0	0	0	0	0	0	0	0	0	0	0	1	0	0	0	0	0	0	0
141	F	0	0	0	0	0	0	0	0	0	0	0	0	0	1	0	0	0	0	0	0
142	K	0	0	0	0	0	0	0	0	0	0	0	1	0	0	0	0	0	0	0	0
143	N	0	0	1	0	0	0	0	0	0	0	0	0	0	0	0	0	0	0	0	0
144	Y	0	0	0	0	0	0	0	0	0	0	0	0	0	0	0	0	0	0	1	0
145	I	0	0	0	0	0	0	0	0	0	1	0	0	0	0	0	0	0	0	0	0
146	A	1	0	0	0	0	0	0	0	0	0	0	0	0	0	0	0	0	0	0	0
147	R	0	1	0	0	0	0	0	0	0	0	0	0	0	0	0	0	0	0	0	0
148	L	0	0	0	0	0	0	0	0	0	0	1	0	0	0	0	0	0	0	0	0
149	K	0	0	0	0	0	0	0	0	0	0	0	1	0	0	0	0	0	0	0	0
150	G	0	0	0	0	0	0	0	1	0	0	0	0	0	0	0	0	0	0	0	0
151	I	0	0	0	0	0	0	0	0	0	1	0	0	0	0	0	0	0	0	0	0
152	V	0	0	0	0	0	0	0	0	0	0	0	0	0	0	0	0	0	0	0	1
153	G	0	0	0	0	0	0	0	1	0	0	0	0	0	0	0	0	0	0	0	0
154	D	0	0	0	1	0	0	0	0	0	0	0	0	0	0	0	0	0	0	0	0
155	K	0	0	0	0	0	0	0	0	0	0	0	1	0	0	0	0	0	0	0	0
156	K	0	0	0	0	0	0	0	0	0	0	0	1	0	0	0	0	0	0	0	0
157	A	1	0	0	0	0	0	0	0	0	0	0	0	0	0	0	0	0	0	0	0
158	M	0	0	0	0	0	0	0	0	0	0	0	0	1	0	0	0	0	0	0	0
159	E	0	0	0	0	0	1	0	0	0	0	0	0	0	0	0	0	0	0	0	0
160	I	0	0	0	0	0	0	0	0	0	1	0	0	0	0	0	0	0	0	0	0
161	I	0	0	0	0	0	0	0	0	0	1	0	0	0	0	0	0	0	0	0	0
162	N	0	0	1	0	0	0	0	0	0	0	0	0	0	0	0	0	0	0	0	0
163	N	0	0	1	0	0	0	0	0	0	0	0	0	0	0	0	0	0	0	0	0
164	A	1	0	0	0	0	0	0	0	0	0	0	0	0	0	0	0	0	0	0	0
165	L	0	0	0	0	0	0	0	0	0	0	1	0	0	0	0	0	0	0	0	0
166	V	0	0	0	0	0	0	0	0	0	0	0	0	0	0	0	0	0	0	0	1
167	V	0	0	0	0	0	0	0	0	0	0	0	0	0	0	0	0	0	0	0	1
168	I	0	0	0	0	0	0	0	0	0	1	0	0	0	0	0	0	0	0	0	0
169	S	0	0	0	0	0	0	0	0	0	0	0	0	0	0	0	1	0	0	0	0
170	A	1	0	0	0	0	0	0	0	0	0	0	0	0	0	0	0	0	0	0	0
171	G	0	0	0	0	0	0	0	1	0	0	0	0	0	0	0	0	0	0	0	0
172	P	0	0	0	0	0	0	0	0	0	0	0	0	0	0	1	0	0	0	0	0
173	N	0	0	1	0	0	0	0	0	0	0	0	0	0	0	0	0	0	0	0	0
174	D	0	0	0	1	0	0	0	0	0	0	0	0	0	0	0	0	0	0	0	0
175	F	0	0	0	0	0	0	0	0	0	0	0	0	0	1	0	0	0	0	0	0
176	I	0	0	0	0	0	0	0	0	0	1	0	0	0	0	0	0	0	0	0	0
177	L	0	0	0	0	0	0	0	0	0	0	1	0	0	0	0	0	0	0	0	0
178	N	0	0	1	0	0	0	0	0	0	0	0	0	0	0	0	0	0	0	0	0
179	F	0	0	0	0	0	0	0	0	0	0	0	0	0	1	0	0	0	0	0	0
180	Y	0	0	0	0	0	0	0	0	0	0	0	0	0	0	0	0	0	0	1	0
181	D	0	0	0	1	0	0	0	0	0	0	0	0	0	0	0	0	0	0	0	0
182	I	0	0	0	0	0	0	0	0	0	1	0	0	0	0	0	0	0	0	0	0
183	P	0	0	0	0	0	0	0	0	0	0	0	0	0	0	1	0	0	0	0	0
184	I	0	0	0	0	0	0	0	0	0	1	0	0	0	0	0	0	0	0	0	0
185	R	0	1	0	0	0	0	0	0	0	0	0	0	0	0	0	0	0	0	0	0
186	R	0	1	0	0	0	0	0	0	0	0	0	0	0	0	0	0	0	0	0	0
187	L	0	0	0	0	0	0	0	0	0	0	1	0	0	0	0	0	0	0	0	0
188	E	0	0	0	0	0	1	0	0	0	0	0	0	0	0	0	0	0	0	0	0
189	Y	0	0	0	0	0	0	0	0	0	0	0	0	0	0	0	0	0	0	1	0
190	P	0	0	0	0	0	0	0	0	0	0	0	0	0	0	1	0	0	0	0	0
191	T	0	0	0	0	0	0	0	0	0	0	0	0	0	0	0	0	1	0	0	0
192	I	0	0	0	0	0	0	0	0	0	1	0	0	0	0	0	0	0	0	0	0
193	Y	0	0	0	0	0	0	0	0	0	0	0	0	0	0	0	0	0	0	1	0
194	G	0	0	0	0	0	0	0	1	0	0	0	0	0	0	0	0	0	0	0	0
195	Y	0	0	0	0	0	0	0	0	0	0	0	0	0	0	0	0	0	0	1	0
196	Q	0	0	0	0	0	0	1	0	0	0	0	0	0	0	0	0	0	0	0	0
197	D	0	0	0	1	0	0	0	0	0	0	0	0	0	0	0	0	0	0	0	0
198	F	0	0	0	0	0	0	0	0	0	0	0	0	0	1	0	0	0	0	0	0
199	V	0	0	0	0	0	0	0	0	0	0	0	0	0	0	0	0	0	0	0	1
200	L	0	0	0	0	0	0	0	0	0	0	1	0	0	0	0	0	0	0	0	0
201	K	0	0	0	0	0	0	0	0	0	0	0	1	0	0	0	0	0	0	0	0
202	R	0	1	0	0	0	0	0	0	0	0	0	0	0	0	0	0	0	0	0	0
203	L	0	0	0	0	0	0	0	0	0	0	1	0	0	0	0	0	0	0	0	0
204	D	0	0	0	1	0	0	0	0	0	0	0	0	0	0	0	0	0	0	0	0
205	G	0	0	0	0	0	0	0	1	0	0	0	0	0	0	0	0	0	0	0	0
206	F	0	0	0	0	0	0	0	0	0	0	0	0	0	1	0	0	0	0	0	0
207	V	0	0	0	0	0	0	0	0	0	0	0	0	0	0	0	0	0	0	0	1
208	R	0	1	0	0	0	0	0	0	0	0	0	0	0	0	0	0	0	0	0	0
209	E	0	0	0	0	0	1	0	0	0	0	0	0	0	0	0	0	0	0	0	0
210	L	0	0	0	0	0	0	0	0	0	0	1	0	0	0	0	0	0	0	0	0
211	Y	0	0	0	0	0	0	0	0	0	0	0	0	0	0	0	0	0	0	1	0
212	S	0	0	0	0	0	0	0	0	0	0	0	0	0	0	0	1	0	0	0	0
213	L	0	0	0	0	0	0	0	0	0	0	1	0	0	0	0	0	0	0	0	0
214	G	0	0	0	0	0	0	0	1	0	0	0	0	0	0	0	0	0	0	0	0
215	C	0	0	0	0	1	0	0	0	0	0	0	0	0	0	0	0	0	0	0	0
216	R	0	1	0	0	0	0	0	0	0	0	0	0	0	0	0	0	0	0	0	0
217	N	0	0	1	0	0	0	0	0	0	0	0	0	0	0	0	0	0	0	0	0
218	I	0	0	0	0	0	0	0	0	0	1	0	0	0	0	0	0	0	0	0	0
219	L	0	0	0	0	0	0	0	0	0	0	1	0	0	0	0	0	0	0	0	0
220	V	0	0	0	0	0	0	0	0	0	0	0	0	0	0	0	0	0	0	0	1
221	G	0	0	0	0	0	0	0	1	0	0	0	0	0	0	0	0	0	0	0	0
222	G	0	0	0	0	0	0	0	1	0	0	0	0	0	0	0	0	0	0	0	0
223	L	0	0	0	0	0	0	0	0	0	0	1	0	0	0	0	0	0	0	0	0
224	P	0	0	0	0	0	0	0	0	0	0	0	0	0	0	1	0	0	0	0	0
225	P	0	0	0	0	0	0	0	0	0	0	0	0	0	0	1	0	0	0	0	0
226	M	0	0	0	0	0	0	0	0	0	0	0	0	1	0	0	0	0	0	0	0
227	G	0	0	0	0	0	0	0	1	0	0	0	0	0	0	0	0	0	0	0	0
228	C	0	0	0	0	1	0	0	0	0	0	0	0	0	0	0	0	0	0	0	0
229	L	0	0	0	0	0	0	0	0	0	0	1	0	0	0	0	0	0	0	0	0
230	P	0	0	0	0	0	0	0	0	0	0	0	0	0	0	1	0	0	0	0	0
231	I	0	0	0	0	0	0	0	0	0	1	0	0	0	0	0	0	0	0	0	0
232	Q	0	0	0	0	0	0	1	0	0	0	0	0	0	0	0	0	0	0	0	0
233	L	0	0	0	0	0	0	0	0	0	0	1	0	0	0	0	0	0	0	0	0
234	T	0	0	0	0	0	0	0	0	0	0	0	0	0	0	0	0	1	0	0	0
235	A	1	0	0	0	0	0	0	0	0	0	0	0	0	0	0	0	0	0	0	0
236	K	0	0	0	0	0	0	0	0	0	0	0	1	0	0	0	0	0	0	0	0
237	L	0	0	0	0	0	0	0	0	0	0	1	0	0	0	0	0	0	0	0	0
238	R	0	1	0	0	0	0	0	0	0	0	0	0	0	0	0	0	0	0	0	0
239	T	0	0	0	0	0	0	0	0	0	0	0	0	0	0	0	0	1	0	0	0
240	I	0	0	0	0	0	0	0	0	0	1	0	0	0	0	0	0	0	0	0	0
241	L	0	0	0	0	0	0	0	0	0	0	1	0	0	0	0	0	0	0	0	0
242	G	0	0	0	0	0	0	0	1	0	0	0	0	0	0	0	0	0	0	0	0
243	I	0	0	0	0	0	0	0	0	0	1	0	0	0	0	0	0	0	0	0	0
244	C	0	0	0	0	1	0	0	0	0	0	0	0	0	0	0	0	0	0	0	0
245	V	0	0	0	0	0	0	0	0	0	0	0	0	0	0	0	0	0	0	0	1
246	E	0	0	0	0	0	1	0	0	0	0	0	0	0	0	0	0	0	0	0	0
247	Q	0	0	0	0	0	0	1	0	0	0	0	0	0	0	0	0	0	0	0	0
248	E	0	0	0	0	0	1	0	0	0	0	0	0	0	0	0	0	0	0	0	0
249	N	0	0	1	0	0	0	0	0	0	0	0	0	0	0	0	0	0	0	0	0
250	K	0	0	0	0	0	0	0	0	0	0	0	1	0	0	0	0	0	0	0	0
251	D	0	0	0	1	0	0	0	0	0	0	0	0	0	0	0	0	0	0	0	0
252	S	0	0	0	0	0	0	0	0	0	0	0	0	0	0	0	1	0	0	0	0
253	I	0	0	0	0	0	0	0	0	0	1	0	0	0	0	0	0	0	0	0	0
254	L	0	0	0	0	0	0	0	0	0	0	1	0	0	0	0	0	0	0	0	0
255	Y	0	0	0	0	0	0	0	0	0	0	0	0	0	0	0	0	0	0	1	0
256	N	0	0	1	0	0	0	0	0	0	0	0	0	0	0	0	0	0	0	0	0
257	Q	0	0	0	0	0	0	1	0	0	0	0	0	0	0	0	0	0	0	0	0
258	K	0	0	0	0	0	0	0	0	0	0	0	1	0	0	0	0	0	0	0	0
259	L	0	0	0	0	0	0	0	0	0	0	1	0	0	0	0	0	0	0	0	0
260	V	0	0	0	0	0	0	0	0	0	0	0	0	0	0	0	0	0	0	0	1
261	K	0	0	0	0	0	0	0	0	0	0	0	1	0	0	0	0	0	0	0	0
262	K	0	0	0	0	0	0	0	0	0	0	0	1	0	0	0	0	0	0	0	0
263	L	0	0	0	0	0	0	0	0	0	0	1	0	0	0	0	0	0	0	0	0
264	P	0	0	0	0	0	0	0	0	0	0	0	0	0	0	1	0	0	0	0	0
265	E	0	0	0	0	0	1	0	0	0	0	0	0	0	0	0	0	0	0	0	0
266	I	0	0	0	0	0	0	0	0	0	1	0	0	0	0	0	0	0	0	0	0
267	Q	0	0	0	0	0	0	1	0	0	0	0	0	0	0	0	0	0	0	0	0
268	A	1	0	0	0	0	0	0	0	0	0	0	0	0	0	0	0	0	0	0	0
269	S	0	0	0	0	0	0	0	0	0	0	0	0	0	0	0	1	0	0	0	0
270	L	0	0	0	0	0	0	0	0	0	0	1	0	0	0	0	0	0	0	0	0
271	P	0	0	0	0	0	0	0	0	0	0	0	0	0	0	1	0	0	0	0	0
272	G	0	0	0	0	0	0	0	1	0	0	0	0	0	0	0	0	0	0	0	0
273	S	0	0	0	0	0	0	0	0	0	0	0	0	0	0	0	1	0	0	0	0
274	K	0	0	0	0	0	0	0	0	0	0	0	1	0	0	0	0	0	0	0	0
275	F	0	0	0	0	0	0	0	0	0	0	0	0	0	1	0	0	0	0	0	0
276	L	0	0	0	0	0	0	0	0	0	0	1	0	0	0	0	0	0	0	0	0
277	Y	0	0	0	0	0	0	0	0	0	0	0	0	0	0	0	0	0	0	1	0
278	A	1	0	0	0	0	0	0	0	0	0	0	0	0	0	0	0	0	0	0	0
279	N	0	0	1	0	0	0	0	0	0	0	0	0	0	0	0	0	0	0	0	0
280	V	0	0	0	0	0	0	0	0	0	0	0	0	0	0	0	0	0	0	0	1
281	Y	0	0	0	0	0	0	0	0	0	0	0	0	0	0	0	0	0	0	1	0
282	D	0	0	0	1	0	0	0	0	0	0	0	0	0	0	0	0	0	0	0	0
283	P	0	0	0	0	0	0	0	0	0	0	0	0	0	0	1	0	0	0	0	0
284	V	0	0	0	0	0	0	0	0	0	0	0	0	0	0	0	0	0	0	0	1
285	M	0	0	0	0	0	0	0	0	0	0	0	0	1	0	0	0	0	0	0	0
286	D	0	0	0	1	0	0	0	0	0	0	0	0	0	0	0	0	0	0	0	0
287	M	0	0	0	0	0	0	0	0	0	0	0	0	1	0	0	0	0	0	0	0
288	I	0	0	0	0	0	0	0	0	0	1	0	0	0	0	0	0	0	0	0	0
289	R	0	1	0	0	0	0	0	0	0	0	0	0	0	0	0	0	0	0	0	0
290	N	0	0	1	0	0	0	0	0	0	0	0	0	0	0	0	0	0	0	0	0
291	P	0	0	0	0	0	0	0	0	0	0	0	0	0	0	1	0	0	0	0	0
292	S	0	0	0	0	0	0	0	0	0	0	0	0	0	0	0	1	0	0	0	0
293	K	0	0	0	0	0	0	0	0	0	0	0	1	0	0	0	0	0	0	0	0
294	Y	0	0	0	0	0	0	0	0	0	0	0	0	0	0	0	0	0	0	1	0
295	G	0	0	0	0	0	0	0	1	0	0	0	0	0	0	0	0	0	0	0	0
296	F	0	0	0	0	0	0	0	0	0	0	0	0	0	1	0	0	0	0	0	0
297	K	0	0	0	0	0	0	0	0	0	0	0	1	0	0	0	0	0	0	0	0
298	E	0	0	0	0	0	1	0	0	0	0	0	0	0	0	0	0	0	0	0	0
299	T	0	0	0	0	0	0	0	0	0	0	0	0	0	0	0	0	1	0	0	0
300	K	0	0	0	0	0	0	0	0	0	0	0	1	0	0	0	0	0	0	0	0
301	K	0	0	0	0	0	0	0	0	0	0	0	1	0	0	0	0	0	0	0	0
302	G	0	0	0	0	0	0	0	1	0	0	0	0	0	0	0	0	0	0	0	0
303	C	0	0	0	0	1	0	0	0	0	0	0	0	0	0	0	0	0	0	0	0
304	C	0	0	0	0	1	0	0	0	0	0	0	0	0	0	0	0	0	0	0	0
305	G	0	0	0	0	0	0	0	1	0	0	0	0	0	0	0	0	0	0	0	0
306	T	0	0	0	0	0	0	0	0	0	0	0	0	0	0	0	0	1	0	0	0
307	G	0	0	0	0	0	0	0	1	0	0	0	0	0	0	0	0	0	0	0	0
308	Y	0	0	0	0	0	0	0	0	0	0	0	0	0	0	0	0	0	0	1	0
309	L	0	0	0	0	0	0	0	0	0	0	1	0	0	0	0	0	0	0	0	0
310	E	0	0	0	0	0	1	0	0	0	0	0	0	0	0	0	0	0	0	0	0
311	T	0	0	0	0	0	0	0	0	0	0	0	0	0	0	0	0	1	0	0	0
312	S	0	0	0	0	0	0	0	0	0	0	0	0	0	0	0	1	0	0	0	0
313	F	0	0	0	0	0	0	0	0	0	0	0	0	0	1	0	0	0	0	0	0
314	L	0	0	0	0	0	0	0	0	0	0	1	0	0	0	0	0	0	0	0	0
315	C	0	0	0	0	1	0	0	0	0	0	0	0	0	0	0	0	0	0	0	0
316	T	0	0	0	0	0	0	0	0	0	0	0	0	0	0	0	0	1	0	0	0
317	S	0	0	0	0	0	0	0	0	0	0	0	0	0	0	0	1	0	0	0	0
318	L	0	0	0	0	0	0	0	0	0	0	1	0	0	0	0	0	0	0	0	0
319	S	0	0	0	0	0	0	0	0	0	0	0	0	0	0	0	1	0	0	0	0
320	K	0	0	0	0	0	0	0	0	0	0	0	1	0	0	0	0	0	0	0	0
321	T	0	0	0	0	0	0	0	0	0	0	0	0	0	0	0	0	1	0	0	0
322	C	0	0	0	0	1	0	0	0	0	0	0	0	0	0	0	0	0	0	0	0
323	P	0	0	0	0	0	0	0	0	0	0	0	0	0	0	1	0	0	0	0	0
324	N	0	0	1	0	0	0	0	0	0	0	0	0	0	0	0	0	0	0	0	0
325	H	0	0	0	0	0	0	0	0	1	0	0	0	0	0	0	0	0	0	0	0
326	S	0	0	0	0	0	0	0	0	0	0	0	0	0	0	0	1	0	0	0	0
327	D	0	0	0	1	0	0	0	0	0	0	0	0	0	0	0	0	0	0	0	0
328	H	0	0	0	0	0	0	0	0	1	0	0	0	0	0	0	0	0	0	0	0
329	L	0	0	0	0	0	0	0	0	0	0	1	0	0	0	0	0	0	0	0	0
330	F	0	0	0	0	0	0	0	0	0	0	0	0	0	1	0	0	0	0	0	0
331	W	0	0	0	0	0	0	0	0	0	0	0	0	0	0	0	0	0	1	0	0
332	D	0	0	0	1	0	0	0	0	0	0	0	0	0	0	0	0	0	0	0	0
333	S	0	0	0	0	0	0	0	0	0	0	0	0	0	0	0	1	0	0	0	0
334	I	0	0	0	0	0	0	0	0	0	1	0	0	0	0	0	0	0	0	0	0
335	H	0	0	0	0	0	0	0	0	1	0	0	0	0	0	0	0	0	0	0	0
336	P	0	0	0	0	0	0	0	0	0	0	0	0	0	0	1	0	0	0	0	0
337	S	0	0	0	0	0	0	0	0	0	0	0	0	0	0	0	1	0	0	0	0
338	E	0	0	0	0	0	1	0	0	0	0	0	0	0	0	0	0	0	0	0	0
339	A	1	0	0	0	0	0	0	0	0	0	0	0	0	0	0	0	0	0	0	0
340	A	1	0	0	0	0	0	0	0	0	0	0	0	0	0	0	0	0	0	0	0
341	Y	0	0	0	0	0	0	0	0	0	0	0	0	0	0	0	0	0	0	1	0
342	K	0	0	0	0	0	0	0	0	0	0	0	1	0	0	0	0	0	0	0	0
343	Y	0	0	0	0	0	0	0	0	0	0	0	0	0	0	0	0	0	0	1	0
344	L	0	0	0	0	0	0	0	0	0	0	1	0	0	0	0	0	0	0	0	0
345	G	0	0	0	0	0	0	0	1	0	0	0	0	0	0	0	0	0	0	0	0
346	N	0	0	1	0	0	0	0	0	0	0	0	0	0	0	0	0	0	0	0	0
347	F	0	0	0	0	0	0	0	0	0	0	0	0	0	1	0	0	0	0	0	0
348	I	0	0	0	0	0	0	0	0	0	1	0	0	0	0	0	0	0	0	0	0
349	D	0	0	0	1	0	0	0	0	0	0	0	0	0	0	0	0	0	0	0	0
350	A	1	0	0	0	0	0	0	0	0	0	0	0	0	0	0	0	0	0	0	0
351	Q	0	0	0	0	0	0	1	0	0	0	0	0	0	0	0	0	0	0	0	0
352	I	0	0	0	0	0	0	0	0	0	1	0	0	0	0	0	0	0	0	0	0
353	Q	0	0	0	0	0	0	1	0	0	0	0	0	0	0	0	0	0	0	0	0
354	E	0	0	0	0	0	1	0	0	0	0	0	0	0	0	0	0	0	0	0	0
355	W	0	0	0	0	0	0	0	0	0	0	0	0	0	0	0	0	0	1	0	0
356	L	0	0	0	0	0	0	0	0	0	0	1	0	0	0	0	0	0	0	0	0
357	K	0	0	0	0	0	0	0	0	0	0	0	1	0	0	0	0	0	0	0	0
358	T	0	0	0	0	0	0	0	0	0	0	0	0	0	0	0	0	1	0	0	0
