Point	Label	A	C	T	G
1	G	0	0	0	1
2	T	0	0	1	0
3	T	0	0	1	0
4	T	0	0	1	0
5	A	1	0	0	0
6	T	0	0	1	0
7	G	0	0	0	1
8	T	0	0	1	0
9	A	1	0	0	0
10	G	0	0	0	1
11	C	0	1	0	0
12	T	0	0	1	0
13	T	0	0	1	0
14	A	1	0	0	0
15	C	0	1	0	0
16	C	0	1	0	0
17	T	0	0	1	0
18	C	0	1	0	0
19	C	0	1	0	0
20	T	0	0	1	0
21	C	0	1	0	0
22	A	1	0	0	0
23	A	1	0	0	0
24	A	1	0	0	0
25	G	0	0	0	1
26	C	0	1	0	0
27	A	1	0	0	0
28	A	1	0	0	0
29	T	0	0	1	0
30	A	1	0	0	0
31	C	0	1	0	0
32	A	1	0	0	0
33	C	0	1	0	0
34	T	0	0	1	0
35	G	0	0	0	1
36	A	1	0	0	0
37	A	1	0	0	0
38	A	1	0	0	0
39	A	1	0	0	0
40	T	0	0	1	0
41	G	0	0	0	1
42	T	0	0	1	0
43	T	0	0	1	0
44	T	0	0	1	0
45	A	1	0	0	0
46	G	0	0	0	1
47	A	1	0	0	0
48	C	0	1	0	0
49	G	0	0	0	1
50	G	0	0	0	1
51	G	0	0	0	1
52	C	0	1	0	0
53	T	0	0	1	0
54	C	0	1	0	0
55	A	1	0	0	0
56	C	0	1	0	0
57	A	1	0	0	0
58	T	0	0	1	0
59	C	0	1	0	0
60	A	1	0	0	0
61	C	0	1	0	0
62	C	0	1	0	0
63	C	0	1	0	0
64	C	0	1	0	0
65	A	1	0	0	0
66	T	0	0	1	0
67	A	1	0	0	0
68	A	1	0	0	0
69	A	1	0	0	0
70	C	0	1	0	0
71	A	1	0	0	0
72	A	1	0	0	0
73	A	1	0	0	0
74	T	0	0	1	0
75	A	1	0	0	0
76	G	0	0	0	1
77	G	0	0	0	1
78	T	0	0	1	0
79	T	0	0	1	0
80	T	0	0	1	0
81	G	0	0	0	1
82	G	0	0	0	1
83	T	0	0	1	0
84	C	0	1	0	0
85	C	0	1	0	0
86	T	0	0	1	0
87	A	1	0	0	0
88	G	0	0	0	1
89	C	0	1	0	0
90	C	0	1	0	0
91	T	0	0	1	0
92	T	0	0	1	0
93	T	0	0	1	0
94	C	0	1	0	0
95	T	0	0	1	0
96	A	1	0	0	0
97	T	0	0	1	0
98	T	0	0	1	0
99	A	1	0	0	0
100	G	0	0	0	1
101	X	0	0	0	0