Point	Label	1	2	3	4	5	
1	L	0	1	1	0	0	
2	I	0	1	0	0	1	
3	O	0	1	1	1	1	
4	X	0	0	0	0	0	
5	N	0	1	1	1	0	
6	K	0	1	0	1	1	
7	T	1	0	1	0	0	
8	I	0	1	0	0	1	
9	L	0	1	1	0	0	
10	L	0	1	1	0	0	
11	I	0	1	0	0	1	
12	P	1	0	0	0	0	
13	K	0	1	0	1	1	
14	N	0	1	1	1	0	
15	M	0	1	1	0	1	
16	B	0	0	0	1	0	
17	N	0	1	1	1	0	
18	W	1	0	1	1	1	
19	C	0	0	0	1	1	
20	G	0	0	1	1	1	
21	A	0	0	0	0	1	
22	N	0	1	1	1	0	
23	C	0	0	0	1	1	
24	G	0	0	1	1	1	
25	L	0	1	1	0	0	
26	L	0	1	1	0	0	
27	E	0	0	1	0	1	
28	B	0	0	0	1	0	
29	N	0	1	1	1	0	
30	H	0	1	0	0	0	
31	O	0	1	1	1	1	
32	V	1	0	1	1	0	
33	U	1	0	1	0	1	
34	U	1	0	1	0	1	
35	Q	1	0	0	0	1	
36	S	1	0	0	1	1	
37	L	0	1	1	0	0	
38	A	0	0	0	0	1	
39	L	0	1	1	0	0	
40	L	0	1	1	0	0	
41	I	0	1	0	0	1	
42	O	0	1	1	1	1	
43	U	1	0	1	0	1	
44	A	0	0	0	0	1	
45	F	0	0	1	1	0	
46	C	0	0	0	1	1	
47	N	0	1	1	1	0	
48	G	0	0	1	1	1	
49	L	0	1	1	0	0	
50	B	0	0	0	1	0	
51	N	0	1	1	1	0	
52	H	0	1	0	0	0	
53	O	0	1	1	1	1	
54	W	1	0	1	1	1	
55	N	0	1	1	1	0	
56	C	0	0	0	1	1	
57	M	0	1	1	0	1	
58	D	0	0	1	0	0	
59	L	0	1	1	0	0	
60	V	1	0	1	1	0	
61	V	1	0	1	1	0	
62	R	1	0	0	1	0	
63	V	1	0	1	1	0	
64	X	0	0	0	0	0	
65	N	0	1	1	1	0	
66	K	0	1	0	1	1	
67	R	1	0	0	1	0	
68	V	1	0	1	1	0	
69	V	1	0	1	1	0	
70	P	1	0	0	0	0	
71	H	0	1	0	0	0	
72	R	1	0	0	1	0	
73	D	0	0	1	0	0	
74	I	0	1	0	0	1	
75	A	0	0	0	0	1	
76	L	0	1	1	0	0	
77	L	0	1	1	0	0	
78	I	0	1	0	0	1	
79	U	1	0	1	0	1	
80	O	0	1	1	1	1	
81	B	0	0	0	1	0	
82	K	0	1	0	1	1	
83	C	0	0	0	1	1	
84	N	0	1	1	1	0	
85	N	0	1	1	1	0	
86	K	0	1	0	1	1	
87	V	1	0	1	1	0	
88	J	0	1	0	1	0	
89	Z	1	1	0	0	0	
90	Q	1	0	0	0	1	
91	Z	1	1	0	0	0	
92	Z	1	1	0	0	0	
93	S	1	0	0	1	1	
94	F	0	0	1	1	0	
95	N	0	1	1	1	0	
96	D	0	0	1	0	0	
97	L	0	1	1	0	0	
98	E	0	0	1	0	1	
99	T	1	0	1	0	0	
100	I	0	1	0	0	1	
101	L	0	1	1	0	0	
102	L	0	1	1	0	0	
103	J	0	1	0	1	0	
104	F	0	0	1	1	0	
105	C	0	0	0	1	1	
106	M	0	1	1	0	1	
107	C	0	0	0	1	1	
108	X	0	0	0	0	0	
109	L	0	1	1	0	0	
110	I	0	1	0	0	1	
111	X	0	0	0	0	0	
112	N	0	1	1	1	0	
113	K	0	1	0	1	1	
114	S	1	0	0	1	1	
115	E	0	0	1	0	1	
116	R	1	0	0	1	0	
117	V	1	0	1	1	0	
118	V	1	0	1	1	0	
119	O	0	1	1	1	1	
120	X	0	0	0	0	0	
121	N	0	1	1	1	0	
122	K	0	1	0	1	1	
123	S	1	0	0	1	1	
124	E	0	0	1	0	1	
125	R	1	0	0	1	0	
126	V	1	0	1	1	0	
127	V	1	0	1	1	0	
128	O	0	1	1	1	1	
129	V	1	0	1	1	0	
130	X	0	0	0	0	0	
131	M	0	1	1	0	1	
132	B	0	0	0	1	0	
133	N	0	1	1	1	0	
134	Z	1	1	0	0	0	
135	T	1	0	1	0	0	
136	X	0	0	0	0	0	
137	N	0	1	1	1	0	
138	N	0	1	1	1	0	
139	K	0	1	0	1	1	
140	S	1	0	0	1	1	
141	E	0	0	1	0	1	
142	R	1	0	0	1	0	
143	V	1	0	1	1	0	
144	U	1	0	1	0	1	
145	V	1	0	1	1	0	
146	O	0	1	1	1	1	
147	V	1	0	1	1	0	
148	X	0	0	0	0	0	
149	N	0	1	1	1	0	
150	K	0	1	0	1	1	
151	S	1	0	0	1	1	
152	E	0	0	1	0	1	
153	R	1	0	0	1	0	
154	U	1	0	1	0	1	
155	L	0	1	1	0	0	
156	A	0	0	0	0	1	
157	N	0	1	1	1	0	
158	K	0	1	0	1	1	
159	T	1	0	1	0	0	
160	I	0	1	0	0	1	
161	L	0	1	1	0	0	
162	N	0	1	1	1	0	
163	N	0	1	1	1	0	
164	N	0	1	1	1	0	
165	J	0	1	0	1	0	
166	G	0	0	1	1	1	
167	A	0	0	0	0	1	
168	L	0	1	1	0	0	
169	L	0	1	1	0	0	
170	E	0	0	1	0	1	
171	B	0	0	0	1	0	
172	N	0	1	1	1	0	
173	H	0	1	0	0	0	
174	O	0	1	1	1	1	
175	V	1	0	1	1	0	
176	V	1	0	1	1	0	
177	T	1	0	1	0	0	
178	F	0	0	1	1	0	
179	T	1	0	1	0	0	
180	E	0	0	1	0	1	
181	O	0	1	1	1	1	
182	B	0	0	0	1	0	
183	J	0	1	0	1	0	
184	Z	1	1	0	0	0	
185	X	0	0	0	0	0	
186	N	0	1	1	1	0	
187	K	0	1	0	1	1	
188	R	1	0	0	1	0	
189	V	1	0	1	1	0	
190	V	1	0	1	1	0	
191	O	0	1	1	1	1	
192	U	1	0	1	0	1	
193	J	0	1	0	1	0	
194	G	0	0	1	1	1	
195	A	0	0	0	0	1	
196	L	0	1	1	0	0	
197	L	0	1	1	0	0	
198	B	0	0	0	1	0	
199	N	0	1	1	1	0	
200	M	0	1	1	0	1	
201	B	0	0	0	1	0	
202	H	0	1	0	0	0	
203	I	0	1	0	0	1	
204	L	0	1	1	0	0	
205	L	0	1	1	0	0	
206	J	0	1	0	1	0	
207	F	0	0	1	1	0	
208	D	0	0	1	0	0	
209	X	0	0	0	0	0	
210	X	0	0	0	0	0	
211	L	0	1	1	0	0	
212	I	0	1	0	0	1	
213	O	0	1	1	1	1	
214	V	1	0	1	1	0	
215	V	1	0	1	1	0	
216	T	1	0	1	0	0	
217	E	0	0	1	0	1	
218	O	0	1	1	1	1	
219	B	0	0	0	1	0	
220	K	0	1	0	1	1	
221	C	0	0	0	1	1	
222	N	0	1	1	1	0	
223	N	0	1	1	1	0	
224	K	0	1	0	1	1	
225	W	1	0	1	1	1	
226	R	1	0	0	1	0	
227	D	0	0	1	0	0	
228	I	0	1	0	0	1	
229	K	0	1	0	1	1	
230	D	0	0	1	0	0	
231	I	0	1	0	0	1	
232	A	0	0	0	0	1	
233	L	0	1	1	0	0	
234	L	0	1	1	0	0	
235	J	0	1	0	1	0	
236	F	0	0	1	1	0	
237	C	0	0	0	1	1	
238	M	0	1	1	0	1	
239	X	0	0	0	0	0	
240	N	0	1	1	1	0	
241	K	0	1	0	1	1	
242	R	1	0	0	1	0	
243	V	1	0	1	1	0	
244	V	1	0	1	1	0	
245	P	1	0	0	0	0	
246	H	0	1	0	0	0	
247	R	1	0	0	1	0	
248	D	0	0	1	0	0	
249	I	0	1	0	0	1	
250	B	0	0	0	1	0	
251	J	0	1	0	1	0	
252	Z	1	1	0	0	0	
253	Q	1	0	0	0	1	
254	U	1	0	1	0	1	
255	O	0	1	1	1	1	
256	D	0	0	1	0	0	
257	L	0	1	1	0	0	
258	N	0	1	1	1	0	
259	N	0	1	1	1	0	
260	N	0	1	1	1	0	
261	D	0	0	1	0	0	
262	L	0	1	1	0	0	
263	M	0	1	1	0	1	
264	D	0	0	1	0	0	
265	E	0	0	1	0	1	
266	I	0	1	0	0	1	
267	U	1	0	1	0	1	
268	O	0	1	1	1	1	
269	A	0	0	0	0	1	
270	Q	1	0	0	0	1	
271	E	0	0	1	0	1	
272	O	0	1	1	1	1	
273	B	0	0	0	1	0	
274	K	0	1	0	1	1	
275	C	0	0	0	1	1	
276	L	0	1	1	0	0	
277	I	0	1	0	0	1	
278	U	1	0	1	0	1	
279	O	0	1	1	1	1	
280	A	0	0	0	0	1	
281	Q	1	0	0	0	1	
282	E	0	0	1	0	1	
283	O	0	1	1	1	1	
284	B	0	0	0	1	0	
285	K	0	1	0	1	1	
286	I	0	1	0	0	1	
287	A	0	0	0	0	1	
288	Q	1	0	0	0	1	
289	F	0	0	1	1	0	
290	R	1	0	0	1	0	
291	V	1	0	1	1	0	
292	X	0	0	0	0	0	
293	N	0	1	1	1	0	
294	K	0	1	0	1	1	
295	T	1	0	1	0	0	
296	I	0	1	0	0	1	
297	M	0	1	1	0	1	
298	B	0	0	0	1	0	
299	N	0	1	1	1	0	
300	W	1	0	1	1	1	
301	C	0	0	0	1	1	
302	G	0	0	1	1	1	
303	A	0	0	0	0	1	
304	N	0	1	1	1	0	
305	C	0	0	0	1	1	
306	G	0	0	1	1	1	
307	L	0	1	1	0	0	
308	L	0	1	1	0	0	
309	L	0	1	1	0	0	
310	E	0	0	1	0	1	
311	B	0	0	0	1	0	
312	N	0	1	1	1	0	
313	G	0	0	1	1	1	
314	L	0	1	1	0	0	
315	B	0	0	0	1	0	
316	N	0	1	1	1	0	
317	H	0	1	0	0	0	
318	O	0	1	1	1	1	
319	V	1	0	1	1	0	
320	W	1	0	1	1	1	
321	R	1	0	0	1	0	
322	B	0	0	0	1	0	
323	N	0	1	1	1	0	
324	N	0	1	1	1	0	
325	X	0	0	0	0	0	
326	M	0	1	1	0	1	
327	B	0	0	0	1	0	
328	N	0	1	1	1	0	
329	V	1	0	1	1	0	
330	V	1	0	1	1	0	
331	O	0	1	1	1	1	
332	U	1	0	1	0	1	
333	J	0	1	0	1	0	
334	X	0	0	0	0	0	
335	L	0	1	1	0	0	
336	I	0	1	0	0	1	
337	O	0	1	1	1	1	
338	V	1	0	1	1	0	
339	U	1	0	1	0	1	
340	W	1	0	1	1	1	
341	R	1	0	0	1	0	
342	B	0	0	0	1	0	
343	N	0	1	1	1	0	
344	N	0	1	1	1	0	
345	D	0	0	1	0	0	
346	M	0	1	1	0	1	
347	B	0	0	0	1	0	
348	H	0	1	0	0	0	
349	J	0	1	0	1	0	
350	H	0	1	0	0	0	
351	J	0	1	0	1	0	
352	H	0	1	0	0	0	
353	I	0	1	0	0	1	
354	L	0	1	1	0	0	
355	L	0	1	1	0	0	
356	I	0	1	0	0	1	
357	U	1	0	1	0	1	
358	Q	1	0	0	0	1	
359	F	0	0	1	1	0	
360	T	1	0	1	0	0	
361	X	0	0	0	0	0	
362	L	0	1	1	0	0	
363	I	0	1	0	0	1	
364	P	1	0	0	0	0	
365	K	0	1	0	1	1	
366	N	0	1	1	1	0	
367	L	0	1	1	0	0	
368	L	0	1	1	0	0	
369	L	0	1	1	0	0	
370	I	0	1	0	0	1	
371	O	0	1	1	1	1	
372	V	1	0	1	1	0	
373	V	1	0	1	1	0	
374	X	0	0	0	0	0	
375	L	0	1	1	0	0	
376	I	0	1	0	0	1	
377	O	0	1	1	1	1	
378	V	1	0	1	1	0	
379	U	1	0	1	0	1	
380	Z	1	1	0	0	0	
381	W	1	0	1	1	1	
382	C	0	0	0	1	1	
383	X	0	0	0	0	0	
384	L	0	1	1	0	0	
385	I	0	1	0	0	1	
386	P	1	0	0	0	0	
387	K	0	1	0	1	1	
388	N	0	1	1	1	0	
389	N	0	1	1	1	0	
390	K	0	1	0	1	1	
391	X	0	0	0	0	0	
392	N	0	1	1	1	0	
393	J	0	1	0	1	0	
394	G	0	0	1	1	1	
395	A	0	0	0	0	1	
396	L	0	1	1	0	0	
397	L	0	1	1	0	0	
398	E	0	0	1	0	1	
399	B	0	0	0	1	0	
400	L	0	1	1	0	0	
401	L	0	1	1	0	0	
402	B	0	0	0	1	0	
403	N	0	1	1	1	0	
404	H	0	1	0	0	0	
405	O	0	1	1	1	1	
406	U	1	0	1	0	1	
407	W	1	0	1	1	1	
408	X	0	0	0	0	0	
409	L	0	1	1	0	0	
410	I	0	1	0	0	1	
411	O	0	1	1	1	1	
412	X	0	0	0	0	0	
413	L	0	1	1	0	0	
414	I	0	1	0	0	1	
415	O	0	1	1	1	1	
416	V	1	0	1	1	0	
417	U	1	0	1	0	1	
418	U	1	0	1	0	1	
419	Q	1	0	0	0	1	
420	S	1	0	0	1	1	
421	L	0	1	1	0	0	
422	A	0	0	0	0	1	
423	L	0	1	1	0	0	
424	L	0	1	1	0	0	
425	I	0	1	0	0	1	
426	O	0	1	1	1	1	
427	V	1	0	1	1	0	
428	Z	1	1	0	0	0	
429	Z	1	1	0	0	0	
430	Z	1	1	0	0	0	
431	Q	1	0	0	0	1	
432	X	0	0	0	0	0	
433	N	0	1	1	1	0	
434	K	0	1	0	1	1	
435	S	1	0	0	1	1	
436	F	0	0	1	1	0	
437	N	0	1	1	1	0	
438	D	0	0	1	0	0	
439	L	0	1	1	0	0	
440	E	0	0	1	0	1	
441	R	1	0	0	1	0	
442	U	1	0	1	0	1	
443	L	0	1	1	0	0	
444	A	0	0	0	0	1	
445	L	0	1	1	0	0	
446	L	0	1	1	0	0	
447	I	0	1	0	0	1	
448	Q	1	0	0	0	1	
449	G	0	0	1	1	1	
450	L	0	1	1	0	0	
451	B	0	0	0	1	0	
452	N	0	1	1	1	0	
453	L	0	1	1	0	0	
454	B	0	0	0	1	0	
455	N	0	1	1	1	0	
456	H	0	1	0	0	0	
457	O	0	1	1	1	1	
458	V	1	0	1	1	0	
459	Z	1	1	0	0	0	
460	Q	1	0	0	0	1	
461	H	0	1	0	0	0	
462	O	0	1	1	1	1	
463	W	1	0	1	1	1	
464	N	0	1	1	1	0	
465	C	0	0	0	1	1	
466	L	0	1	1	0	0	
467	I	0	1	0	0	1	
468	Q	1	0	0	0	1	
469	H	0	1	0	0	0	
470	O	0	1	1	1	1	
471	V	1	0	1	1	0	
472	U	1	0	1	0	1	
473	Z	1	1	0	0	0	
474	U	1	0	1	0	1	
475	L	0	1	1	0	0	
476	A	0	0	0	0	1	
477	L	0	1	1	0	0	
478	L	0	1	1	0	0	
479	I	0	1	0	0	1	
480	Q	1	0	0	0	1	
481	X	0	0	0	0	0	
482	L	0	1	1	0	0	
483	I	0	1	0	0	1	
484	Q	1	0	0	0	1	
485	G	0	0	1	1	1	
486	M	0	1	1	0	1	
487	D	0	0	1	0	0	
488	E	0	0	1	0	1	
489	B	0	0	0	1	0	
490	W	1	0	1	1	1	
491	N	0	1	1	1	0	
492	C	0	0	0	1	1	
493	L	0	1	1	0	0	
494	I	0	1	0	0	1	
495	Q	1	0	0	0	1	
496	H	0	1	0	0	0	
497	O	0	1	1	1	1	
498	V	1	0	1	1	0	
499	Z	1	1	0	0	0	
500	Q	1	0	0	0	1	
501	G	0	0	1	1	1	
502	L	0	1	1	0	0	
503	B	0	0	0	1	0	
504	N	0	1	1	1	0	
505	H	0	1	0	0	0	
506	O	0	1	1	1	1	
507	W	1	0	1	1	1	
508	N	0	1	1	1	0	
509	C	0	0	0	1	1	
510	X	0	0	0	0	0	
511	L	0	1	1	0	0	
512	J	0	1	0	1	0	
513	F	0	0	1	1	0	
514	C	0	0	0	1	1	
515	X	0	0	0	0	0	
516	X	0	0	0	0	0	
517	L	0	1	1	0	0	
518	J	0	1	0	1	0	
519	F	0	0	1	1	0	
520	X	0	0	0	0	0	
521	M	0	1	1	0	1	
522	D	0	0	1	0	0	
523	M	0	1	1	0	1	
524	O	0	1	1	1	1	
525	X	0	0	0	0	0	
526	N	0	1	1	1	0	
527	N	0	1	1	1	0	
528	K	0	1	0	1	1	
529	R	1	0	0	1	0	
530	V	1	0	1	1	0	
531	W	1	0	1	1	1	
532	W	1	0	1	1	1	
533	T	1	0	1	0	0	
534	W	1	0	1	1	1	
535	R	1	0	0	1	0	
536	B	0	0	0	1	0	
537	N	0	1	1	1	0	
538	N	0	1	1	1	0	
539	X	0	0	0	0	0	
540	L	0	1	1	0	0	
541	I	0	1	0	0	1	
542	O	0	1	1	1	1	
543	V	1	0	1	1	0	
544	X	0	0	0	0	0	
545	L	0	1	1	0	0	
546	I	0	1	0	0	1	
547	O	0	1	1	1	1	
548	V	1	0	1	1	0	
549	V	1	0	1	1	0	
550	R	1	0	0	1	0	
551	V	1	0	1	1	0	
552	I	0	1	0	0	1	
553	A	0	0	0	0	1	
554	Q	1	0	0	0	1	
555	F	0	0	1	1	0	
556	R	1	0	0	1	0	
557	V	1	0	1	1	0	
558	X	0	0	0	0	0	
559	L	0	1	1	0	0	
560	I	0	1	0	0	1	
561	Q	1	0	0	0	1	
562	G	0	0	1	1	1	
563	L	0	1	1	0	0	
564	X	0	0	0	0	0	
565	N	0	1	1	1	0	
566	K	0	1	0	1	1	
567	R	1	0	0	1	0	
568	V	1	0	1	1	0	
569	V	1	0	1	1	0	
570	P	1	0	0	0	0	
571	H	0	1	0	0	0	
572	R	1	0	0	1	0	
573	D	0	0	1	0	0	
574	I	0	1	0	0	1	
575	A	0	0	0	0	1	
576	N	0	1	1	1	0	
577	K	0	1	0	1	1	
578	W	1	0	1	1	1	
579	R	1	0	0	1	0	
580	D	0	0	1	0	0	
581	J	0	1	0	1	0	
582	Z	1	1	0	0	0	
583	Q	1	0	0	0	1	
584	Z	1	1	0	0	0	
585	U	1	0	1	0	1	
586	L	0	1	1	0	0	
587	A	0	0	0	0	1	
588	N	0	1	1	1	0	
589	K	0	1	0	1	1	
590	S	1	0	0	1	1	
591	F	0	0	1	1	0	
592	N	0	1	1	1	0	
593	C	0	0	0	1	1	
594	G	0	0	1	1	1	
595	L	0	1	1	0	0	
596	M	0	1	1	0	1	
597	C	0	0	0	1	1	
598	X	0	0	0	0	0	
599	L	0	1	1	0	0	
600	I	0	1	0	0	1	
601	O	0	1	1	1	1	
602	V	1	0	1	1	0	
603	U	1	0	1	0	1	
604	V	1	0	1	1	0	
605	X	0	0	0	0	0	
606	L	0	1	1	0	0	
607	I	0	1	0	0	1	
608	O	0	1	1	1	1	
609	V	1	0	1	1	0	
610	V	1	0	1	1	0	
611	R	1	0	0	1	0	
612	X	0	0	0	0	0	
613	L	0	1	1	0	0	
614	I	0	1	0	0	1	
615	Q	1	0	0	0	1	
616	X	0	0	0	0	0	
617	N	0	1	1	1	0	
618	K	0	1	0	1	1	
619	S	1	0	0	1	1	
620	F	0	0	1	1	0	
621	N	0	1	1	1	0	
622	X	0	0	0	0	0	
623	N	0	1	1	1	0	
624	J	0	1	0	1	0	
625	G	0	0	1	1	1	
626	A	0	0	0	0	1	
627	L	0	1	1	0	0	
628	L	0	1	1	0	0	
629	X	0	0	0	0	0	
630	L	0	1	1	0	0	
631	I	0	1	0	0	1	
632	Q	1	0	0	0	1	
633	G	0	0	1	1	1	
634	L	0	1	1	0	0	
635	A	0	0	0	0	1	
636	F	0	0	1	1	0	
637	N	0	1	1	1	0	
638	L	0	1	1	0	0	
639	E	0	0	1	0	1	
640	B	0	0	0	1	0	
641	N	0	1	1	1	0	
642	G	0	0	1	1	1	
643	L	0	1	1	0	0	
644	B	0	0	0	1	0	
645	N	0	1	1	1	0	
646	X	0	0	0	0	0	
647	L	0	1	1	0	0	
648	I	0	1	0	0	1	
649	P	1	0	0	0	0	
650	K	0	1	0	1	1	
651	N	0	1	1	1	0	
652	X	0	0	0	0	0	
653	L	0	1	1	0	0	
654	I	0	1	0	0	1	
655	P	1	0	0	0	0	
656	K	0	1	0	1	1	
657	L	0	1	1	0	0	
658	I	0	1	0	0	1	
659	O	0	1	1	1	1	
660	U	1	0	1	0	1	
661	A	0	0	0	0	1	
662	F	0	0	1	1	0	
663	C	0	0	0	1	1	
664	N	0	1	1	1	0	
665	H	0	1	0	0	0	
666	O	0	1	1	1	1	
667	W	1	0	1	1	1	
668	N	0	1	1	1	0	
669	C	0	0	0	1	1	
670	N	0	1	1	1	0	
671	N	0	1	1	1	0	
672	K	0	1	0	1	1	
673	S	1	0	0	1	1	
674	F	0	0	1	1	0	
675	N	0	1	1	1	0	
676	D	0	0	1	0	0	
677	M	0	1	1	0	1	
678	B	0	0	0	1	0	
679	H	0	1	0	0	0	
680	D	0	0	1	0	0	
681	U	1	0	1	0	1	
682	M	0	1	1	0	1	
683	R	1	0	0	1	0	
684	O	0	1	1	1	1	
685	D	0	0	1	0	0	
686	L	0	1	1	0	0	
687	L	0	1	1	0	0	
688	B	0	0	0	1	0	
689	N	0	1	1	1	0	
690	N	0	1	1	1	0	
691	X	0	0	0	0	0	
692	M	0	1	1	0	1	
693	B	0	0	0	1	0	
694	N	0	1	1	1	0	
695	V	1	0	1	1	0	
696	V	1	0	1	1	0	
697	X	0	0	0	0	0	
698	L	0	1	1	0	0	
699	I	0	1	0	0	1	
700	O	0	1	1	1	1	
701	V	1	0	1	1	0	
702	V	1	0	1	1	0	
703	X	0	0	0	0	0	
704	L	0	1	1	0	0	
705	I	0	1	0	0	1	
706	O	0	1	1	1	1	
707	V	1	0	1	1	0	
708	V	1	0	1	1	0	
709	X	0	0	0	0	0	
710	L	0	1	1	0	0	
711	I	0	1	0	0	1	
712	K	0	1	0	1	1	
713	L	0	1	1	0	0	
714	L	0	1	1	0	0	
715	K	0	1	0	1	1	
716	K	0	1	0	1	1	
717	N	0	1	1	1	0	
718	N	0	1	1	1	0	
719	K	0	1	0	1	1	
720	X	0	0	0	0	0	
721	L	0	1	1	0	0	
722	I	0	1	0	0	1	
723	O	0	1	1	1	1	
724	V	1	0	1	1	0	
725	V	1	0	1	1	0	
726	R	1	0	0	1	0	
727	V	1	0	1	1	0	
728	K	0	1	0	1	1	
729	C	0	0	0	1	1	
730	N	0	1	1	1	0	
731	N	0	1	1	1	0	
732	K	0	1	0	1	1	
733	Z	1	1	0	0	0	
734	Q	1	0	0	0	1	
735	U	1	0	1	0	1	
736	O	0	1	1	1	1	
737	D	0	0	1	0	0	
738	N	0	1	1	1	0	
739	D	0	0	1	0	0	
740	L	0	1	1	0	0	
741	M	0	1	1	0	1	
742	X	0	0	0	0	0	
743	L	0	1	1	0	0	
744	I	0	1	0	0	1	
745	O	0	1	1	1	1	
746	U	1	0	1	0	1	
747	X	0	0	0	0	0	
748	L	0	1	1	0	0	
749	I	0	1	0	0	1	
750	O	0	1	1	1	1	
751	U	1	0	1	0	1	
752	B	0	0	0	1	0	
753	W	1	0	1	1	1	
754	M	0	1	1	0	1	
755	O	0	1	1	1	1	
756	R	1	0	0	1	0	
757	X	0	0	0	0	0	
758	N	0	1	1	1	0	
759	K	0	1	0	1	1	
760	R	1	0	0	1	0	
761	U	1	0	1	0	1	
762	L	0	1	1	0	0	
763	B	0	0	0	1	0	
764	M	0	1	1	0	1	
765	R	1	0	0	1	0	
766	O	0	1	1	1	1	
767	D	0	0	1	0	0	
768	L	0	1	1	0	0	
769	X	0	0	0	0	0	
770	N	0	1	1	1	0	
771	K	0	1	0	1	1	
772	R	1	0	0	1	0	
773	V	1	0	1	1	0	
774	V	1	0	1	1	0	
775	O	0	1	1	1	1	
776	V	1	0	1	1	0	
777	X	0	0	0	0	0	
778	M	0	1	1	0	1	
779	D	0	0	1	0	0	
780	L	0	1	1	0	0	
781	U	1	0	1	0	1	
782	B	0	0	0	1	0	
783	W	1	0	1	1	1	
784	N	0	1	1	1	0	
785	D	0	0	1	0	0	
786	L	0	1	1	0	0	
787	V	1	0	1	1	0	
788	V	1	0	1	1	0	
789	R	1	0	0	1	0	
790	X	0	0	0	0	0	
791	N	0	1	1	1	0	
792	K	0	1	0	1	1	
793	R	1	0	0	1	0	
794	V	1	0	1	1	0	
795	V	1	0	1	1	0	
796	O	0	1	1	1	1	
797	X	0	0	0	0	0	
798	L	0	1	1	0	0	
799	I	0	1	0	0	1	
800	O	0	1	1	1	1	
801	V	1	0	1	1	0	
802	V	1	0	1	1	0	
803	R	1	0	0	1	0	
804	W	1	0	1	1	1	
805	J	0	1	0	1	0	
806	F	0	0	1	1	0	
807	C	0	0	0	1	1	
808	M	0	1	1	0	1	
809	C	0	0	0	1	1	
810	X	0	0	0	0	0	
811	N	0	1	1	1	0	
812	K	0	1	0	1	1	
813	R	1	0	0	1	0	
814	U	1	0	1	0	1	
815	L	0	1	1	0	0	
816	B	0	0	0	1	0	
817	N	0	1	1	1	0	
818	W	1	0	1	1	1	
819	D	0	0	1	0	0	
820	V	1	0	1	1	0	
821	V	1	0	1	1	0	
822	O	0	1	1	1	1	
823	U	1	0	1	0	1	
824	I	0	1	0	0	1	
825	L	0	1	1	0	0	
826	L	0	1	1	0	0	
827	J	0	1	0	1	0	
828	F	0	0	1	1	0	
829	C	0	0	0	1	1	
830	N	0	1	1	1	0	
831	N	0	1	1	1	0	
832	D	0	0	1	0	0	
833	L	0	1	1	0	0	
834	L	0	1	1	0	0	
835	X	0	0	0	0	0	
836	L	0	1	1	0	0	
837	I	0	1	0	0	1	
838	O	0	1	1	1	1	
839	V	1	0	1	1	0	
840	W	1	0	1	1	1	
841	R	1	0	0	1	0	
842	B	0	0	0	1	0	
843	N	0	1	1	1	0	
844	M	0	1	1	0	1	
845	B	0	0	0	1	0	
846	H	0	1	0	0	0	
847	X	0	0	0	0	0	
