Point	Label	1	2	3	4	5
1	L	0	1	1	0	0
2	J	0	1	0	1	0
3	E	0	0	1	0	1
4	K	0	1	0	1	1
5	N	0	1	1	1	0
6	L	0	1	1	0	0
7	L	0	1	1	0	0
8	I	0	1	0	0	1
9	O	0	1	1	1	1
10	V	1	0	1	1	0
11	Z	1	1	0	0	0
12	Q	1	0	0	0	1
13	G	0	0	1	1	1
14	L	0	1	1	0	0
15	B	0	0	0	1	0
16	N	0	1	1	1	0
17	H	0	1	0	0	0
18	O	0	1	1	1	1
19	U	1	0	1	0	1
20	A	0	0	0	0	1
21	F	0	0	1	1	0
22	C	0	0	0	1	1
23	L	0	1	1	0	0
24	A	0	0	0	0	1
25	F	0	0	1	1	0
26	N	0	1	1	1	0
27	N	0	1	1	1	0
28	H	0	1	0	0	0
29	D	0	0	1	0	0
30	L	0	1	1	0	0
31	F	0	0	1	1	0
32	N	0	1	1	1	0
33	D	0	0	1	0	0
34	L	0	1	1	0	0
35	E	0	0	1	0	1
36	R	1	0	0	1	0
37	V	1	0	1	1	0
38	V	1	0	1	1	0
39	O	0	1	1	1	1
40	V	1	0	1	1	0
41	X	0	0	0	0	0
42	L	0	1	1	0	0
43	J	0	1	0	1	0
44	E	0	0	1	0	1
45	I	0	1	0	0	1
46	O	0	1	1	1	1
47	V	1	0	1	1	0
48	V	1	0	1	1	0
49	T	1	0	1	0	0
50	F	0	0	1	1	0
51	S	1	0	0	1	1
52	X	0	0	0	0	0
53	N	0	1	1	1	0
54	J	0	1	0	1	0
55	G	0	0	1	1	1
56	A	0	0	0	0	1
57	L	0	1	1	0	0
58	M	0	1	1	0	1
59	D	0	0	1	0	0
60	E	0	0	1	0	1
61	I	0	1	0	0	1
62	O	0	1	1	1	1
63	V	1	0	1	1	0
64	W	1	0	1	1	1
65	R	1	0	0	1	0
66	B	0	0	0	1	0
67	M	0	1	1	0	1
68	D	0	0	1	0	0
69	E	0	0	1	0	1
70	I	0	1	0	0	1
71	U	1	0	1	0	1
72	O	0	1	1	1	1
73	B	0	0	0	1	0
74	K	0	1	0	1	1
75	C	0	0	0	1	1
76	N	0	1	1	1	0
77	M	0	1	1	0	1
78	B	0	0	0	1	0
79	K	0	1	0	1	1
80	C	0	0	0	1	1
81	S	1	0	0	1	1
82	G	0	0	1	1	1
83	O	0	1	1	1	1
84	W	1	0	1	1	1
85	R	1	0	0	1	0
86	C	0	0	0	1	1
87	D	0	0	1	0	0
88	J	0	1	0	1	0
89	V	1	0	1	1	0
90	I	0	1	0	0	1
91	A	0	0	0	0	1
92	L	0	1	1	0	0
93	L	0	1	1	0	0
94	J	0	1	0	1	0
95	F	0	0	1	1	0
96	C	0	0	0	1	1
97	M	0	1	1	0	1
98	D	0	0	1	0	0
99	E	0	0	1	0	1
100	I	0	1	0	0	1
101	U	1	0	1	0	1
102	Q	1	0	0	0	1
103	E	0	0	1	0	1
104	O	0	1	1	1	1
105	B	0	0	0	1	0
106	K	0	1	0	1	1
107	C	0	0	0	1	1
108	L	0	1	1	0	0
109	I	0	1	0	0	1
110	Z	1	1	0	0	0
111	Z	1	1	0	0	0
112	S	1	0	0	1	1
113	R	1	0	0	1	0
114	V	1	0	1	1	0
115	K	0	1	0	1	1
116	C	0	0	0	1	1
117	N	0	1	1	1	0
118	N	0	1	1	1	0
119	J	0	1	0	1	0
120	H	0	1	0	0	0
121	J	0	1	0	1	0
122	G	0	0	1	1	1
123	A	0	0	0	0	1
124	L	0	1	1	0	0
125	L	0	1	1	0	0
126	A	0	0	0	0	1
127	S	1	0	0	1	1
128	Q	1	0	0	0	1
129	N	0	1	1	1	0
130	C	0	0	0	1	1
131	N	0	1	1	1	0
132	N	0	1	1	1	0
133	K	0	1	0	1	1
134	R	1	0	0	1	0
135	X	0	0	0	0	0
136	N	0	1	1	1	0
137	K	0	1	0	1	1
138	R	1	0	0	1	0
139	V	1	0	1	1	0
140	Z	1	1	0	0	0
141	S	1	0	0	1	1
142	F	0	0	1	1	0
143	N	0	1	1	1	0
144	X	0	0	0	0	0
145	M	0	1	1	0	1
146	B	0	0	0	1	0
147	M	0	1	1	0	1
148	R	1	0	0	1	0
149	Q	1	0	0	0	1
150	Q	1	0	0	0	1
151	S	1	0	0	1	1
152	X	0	0	0	0	0
153	N	0	1	1	1	0
154	J	0	1	0	1	0
155	K	0	1	0	1	1
156	R	1	0	0	1	0
157	V	1	0	1	1	0
158	W	1	0	1	1	1
159	C	0	0	0	1	1
160	G	0	0	1	1	1
161	A	0	0	0	0	1
162	M	0	1	1	0	1
163	L	0	1	1	0	0
164	E	0	0	1	0	1
165	R	1	0	0	1	0
166	U	1	0	1	0	1
167	L	0	1	1	0	0
168	A	0	0	0	0	1
169	L	0	1	1	0	0
170	M	0	1	1	0	1
171	D	0	0	1	0	0
172	L	0	1	1	0	0
173	X	0	0	0	0	0
174	X	0	0	0	0	0
175	L	0	1	1	0	0
176	I	0	1	0	0	1
177	X	0	0	0	0	0
178	N	0	1	1	1	0
179	K	0	1	0	1	1
180	R	1	0	0	1	0
181	V	1	0	1	1	0
182	V	1	0	1	1	0
183	P	1	0	0	0	0
184	H	0	1	0	0	0
185	R	1	0	0	1	0
186	X	0	0	0	0	0
187	L	0	1	1	0	0
188	I	0	1	0	0	1
189	X	0	0	0	0	0
190	L	0	1	1	0	0
191	I	0	1	0	0	1
192	O	0	1	1	1	1
193	U	1	0	1	0	1
194	B	0	0	0	1	0
195	W	1	0	1	1	1
196	N	0	1	1	1	0
197	D	0	0	1	0	0
198	L	0	1	1	0	0
199	U	1	0	1	0	1
200	A	0	0	0	0	1
201	F	0	0	1	1	0
202	C	0	0	0	1	1
203	L	0	1	1	0	0
204	A	0	0	0	0	1
205	F	0	0	1	1	0
206	N	0	1	1	1	0
207	N	0	1	1	1	0
208	H	0	1	0	0	0
209	D	0	0	1	0	0
210	L	0	1	1	0	0
211	E	0	0	1	0	1
212	R	1	0	0	1	0
213	V	1	0	1	1	0
214	V	1	0	1	1	0
215	O	0	1	1	1	1
216	V	1	0	1	1	0
217	K	0	1	0	1	1
218	C	0	0	0	1	1
219	S	1	0	0	1	1
220	G	0	0	1	1	1
221	O	0	1	1	1	1
222	W	1	0	1	1	1
223	R	1	0	0	1	0
224	D	0	0	1	0	0
225	I	0	1	0	0	1
226	A	0	0	0	0	1
227	N	0	1	1	1	0
228	K	0	1	0	1	1
229	Z	1	1	0	0	0
230	Q	1	0	0	0	1
231	V	1	0	1	1	0
232	V	1	0	1	1	0
233	O	0	1	1	1	1
234	U	1	0	1	0	1
235	I	0	1	0	0	1
236	L	0	1	1	0	0
237	L	0	1	1	0	0
238	I	0	1	0	0	1
239	U	1	0	1	0	1
240	O	0	1	1	1	1
241	B	0	0	0	1	0
242	K	0	1	0	1	1
243	C	0	0	0	1	1
244	M	0	1	1	0	1
245	D	0	0	1	0	0
246	I	0	1	0	0	1
247	A	0	0	0	0	1
248	Q	1	0	0	0	1
249	F	0	0	1	1	0
250	R	1	0	0	1	0
251	V	1	0	1	1	0
252	K	0	1	0	1	1
253	C	0	0	0	1	1
254	L	0	1	1	0	0
255	I	0	1	0	0	1
256	U	1	0	1	0	1
257	Q	1	0	0	0	1
258	F	0	0	1	1	0
259	S	1	0	0	1	1
260	Z	1	1	0	0	0
261	W	1	0	1	1	1
262	N	0	1	1	1	0
263	X	0	0	0	0	0
264	N	0	1	1	1	0
265	K	0	1	0	1	1
266	R	1	0	0	1	0
267	V	1	0	1	1	0
268	V	1	0	1	1	0
269	Z	1	1	0	0	0
270	Z	1	1	0	0	0
271	T	1	0	1	0	0
272	I	0	1	0	0	1
273	L	0	1	1	0	0
274	L	0	1	1	0	0
275	I	0	1	0	0	1
276	X	0	0	0	0	0
277	M	0	1	1	0	1
278	C	0	0	0	1	1
279	N	0	1	1	1	0
280	M	0	1	1	0	1
281	B	0	0	0	1	0
282	N	0	1	1	1	0
283	W	1	0	1	1	1
284	X	0	0	0	0	0
285	L	0	1	1	0	0
286	I	0	1	0	0	1
287	P	1	0	0	0	0
288	K	0	1	0	1	1
289	N	0	1	1	1	0
290	N	0	1	1	1	0
291	K	0	1	0	1	1
292	S	1	0	0	1	1
293	E	0	0	1	0	1
294	R	1	0	0	1	0
295	V	1	0	1	1	0
296	W	1	0	1	1	1
297	Z	1	1	0	0	0
298	Z	1	1	0	0	0
299	Q	1	0	0	0	1
300	G	0	0	1	1	1
301	L	0	1	1	0	0
302	A	0	0	0	0	1
303	F	0	0	1	1	0
304	N	0	1	1	1	0
305	M	0	1	1	0	1
306	B	0	0	0	1	0
307	H	0	1	0	0	0
308	J	0	1	0	1	0
309	G	0	0	1	1	1
310	B	0	0	0	1	0
311	H	0	1	0	0	0
312	J	0	1	0	1	0
313	G	0	0	1	1	1
314	A	0	0	0	0	1
315	L	0	1	1	0	0
316	L	0	1	1	0	0
317	N	0	1	1	1	0
318	M	0	1	1	0	1
319	B	0	0	0	1	0
320	H	0	1	0	0	0
321	I	0	1	0	0	1
322	L	0	1	1	0	0
323	L	0	1	1	0	0
324	J	0	1	0	1	0
325	F	0	0	1	1	0
326	C	0	0	0	1	1
327	N	0	1	1	1	0
328	N	0	1	1	1	0
329	H	0	1	0	0	0
330	D	0	0	1	0	0
331	L	0	1	1	0	0
332	E	0	0	1	0	1
333	R	1	0	0	1	0
334	V	1	0	1	1	0
335	W	1	0	1	1	1
336	W	1	0	1	1	1
337	S	1	0	0	1	1
338	Q	1	0	0	0	1
339	N	0	1	1	1	0
340	C	0	0	0	1	1
341	N	0	1	1	1	0
342	N	0	1	1	1	0
343	K	0	1	0	1	1
344	R	1	0	0	1	0
345	Z	1	1	0	0	0
346	S	1	0	0	1	1
347	F	0	0	1	1	0
348	N	0	1	1	1	0
349	D	0	0	1	0	0
350	L	0	1	1	0	0
351	E	0	0	1	0	1
352	R	1	0	0	1	0
353	V	1	0	1	1	0
354	V	1	0	1	1	0
355	V	1	0	1	1	0
356	X	0	0	0	0	0
357	L	0	1	1	0	0
358	I	0	1	0	0	1
359	P	1	0	0	0	0
360	K	0	1	0	1	1
361	N	0	1	1	1	0
362	X	0	0	0	0	0
363	N	0	1	1	1	0
364	J	0	1	0	1	0
365	H	0	1	0	0	0
366	K	0	1	0	1	1
367	S	1	0	0	1	1
368	F	0	0	1	1	0
369	M	0	1	1	0	1
370	B	0	0	0	1	0
371	H	0	1	0	0	0
372	D	0	0	1	0	0
373	U	1	0	1	0	1
374	M	0	1	1	0	1
375	R	1	0	0	1	0
376	O	0	1	1	1	1
377	D	0	0	1	0	0
378	M	0	1	1	0	1
379	B	0	0	0	1	0
380	H	0	1	0	0	0
381	I	0	1	0	0	1
382	L	0	1	1	0	0
383	L	0	1	1	0	0
384	J	0	1	0	1	0
385	F	0	0	1	1	0
386	X	0	0	0	0	0
