Point	Label	1	2	3	4	5		
1	M	0	1	1	0	1		
2	D	0	0	1	0	0		
3	L	0	1	1	0	0		
4	U	1	0	1	0	1		
5	A	0	0	0	0	1		
6	F	0	0	1	1	0		
7	C	0	0	0	1	1		
8	L	0	1	1	0	0		
9	A	0	0	0	0	1		
10	F	0	0	1	1	0		
11	N	0	1	1	1	0		
12	L	0	1	1	0	0		
13	L	0	1	1	0	0		
14	N	0	1	1	1	0		
15	N	0	1	1	1	0		
16	H	0	1	0	0	0		
17	C	0	0	0	1	1		
18	G	0	0	1	1	1		
19	M	0	1	1	0	1		
20	B	0	0	0	1	0		
21	H	0	1	0	0	0		
22	K	0	1	0	1	1		
23	S	1	0	0	1	1		
24	F	0	0	1	1	0		
25	N	0	1	1	1	0		
26	D	0	0	1	0	0		
27	L	0	1	1	0	0		
28	F	0	0	1	1	0		
29	N	0	1	1	1	0		
30	D	0	0	1	0	0		
31	M	0	1	1	0	1		
32	B	0	0	0	1	0		
33	H	0	1	0	0	0		
34	D	0	0	1	0	0		
35	U	1	0	1	0	1		
36	L	0	1	1	0	0		
37	B	0	0	0	1	0		
38	N	0	1	1	1	0		
39	U	1	0	1	0	1		
40	L	0	1	1	0	0		
41	N	0	1	1	1	0		
42	Z	1	1	0	0	0		
43	S	1	0	0	1	1		
44	F	0	0	1	1	0		
45	N	0	1	1	1	0		
46	C	0	0	0	1	1		
47	G	0	0	1	1	1		
48	M	0	1	1	0	1		
49	B	0	0	0	1	0		
50	G	0	0	1	1	1		
51	B	0	0	0	1	0		
52	H	0	1	0	0	0		
53	I	0	1	0	0	1		
54	L	0	1	1	0	0		
55	L	0	1	1	0	0		
56	I	0	1	0	0	1		
57	Q	1	0	0	0	1		
58	G	0	0	1	1	1		
59	L	0	1	1	0	0		
60	A	0	0	0	0	1		
61	E	0	0	1	0	1		
62	X	0	0	0	0	0		
63	N	0	1	1	1	0		
64	K	0	1	0	1	1		
65	R	1	0	0	1	0		
66	V	1	0	1	1	0		
67	V	1	0	1	1	0		
68	O	0	1	1	1	1		
69	V	1	0	1	1	0		
70	I	0	1	0	0	1		
71	A	0	0	0	0	1		
72	X	0	0	0	0	0		
73	L	0	1	1	0	0		
74	I	0	1	0	0	1		
75	Q	1	0	0	0	1		
76	G	0	0	1	1	1		
77	L	0	1	1	0	0		
78	A	0	0	0	0	1		
79	F	0	0	1	1	0		
80	E	0	0	1	0	1		
81	B	0	0	0	1	0		
82	N	0	1	1	1	0		
83	X	0	0	0	0	0		
84	X	0	0	0	0	0		
85	N	0	1	1	1	0		
86	K	0	1	0	1	1		
87	R	1	0	0	1	0		
88	U	1	0	1	0	1		
89	L	0	1	1	0	0		
90	A	0	0	0	0	1		
91	N	0	1	1	1	0		
92	K	0	1	0	1	1		
93	R	1	0	0	1	0		
94	V	1	0	1	1	0		
95	V	1	0	1	1	0		
96	O	0	1	1	1	1		
97	O	0	1	1	1	1		
98	X	0	0	0	0	0		
99	X	0	0	0	0	0		
100	L	0	1	1	0	0		
101	I	0	1	0	0	1		
102	O	0	1	1	1	1		
103	V	1	0	1	1	0		
104	V	1	0	1	1	0		
105	Z	1	1	0	0	0		
106	V	1	0	1	1	0		
107	R	1	0	0	1	0		
108	V	1	0	1	1	0		
109	X	0	0	0	0	0		
110	L	0	1	1	0	0		
111	I	0	1	0	0	1		
112	P	1	0	0	0	0		
113	K	0	1	0	1	1		
114	N	0	1	1	1	0		
115	N	0	1	1	1	0		
116	K	0	1	0	1	1		
117	S	1	0	0	1	1		
118	F	0	0	1	1	0		
119	N	0	1	1	1	0		
120	D	0	0	1	0	0		
121	M	0	1	1	0	1		
122	B	0	0	0	1	0		
123	X	0	0	0	0	0		
124	X	0	0	0	0	0		
125	N	0	1	1	1	0		
126	K	0	1	0	1	1		
127	R	1	0	0	1	0		
128	V	1	0	1	1	0		
129	V	1	0	1	1	0		
130	O	0	1	1	1	1		
131	Z	1	1	0	0	0		
132	Q	1	0	0	0	1		
133	Z	1	1	0	0	0		
134	Z	1	1	0	0	0		
135	X	0	0	0	0	0		
136	X	0	0	0	0	0		
137	L	0	1	1	0	0		
138	I	0	1	0	0	1		
139	Q	1	0	0	0	1		
140	G	0	0	1	1	1		
141	L	0	1	1	0	0		
142	A	0	0	0	0	1		
143	F	0	0	1	1	0		
144	E	0	0	1	0	1		
145	B	0	0	0	1	0		
146	N	0	1	1	1	0		
147	H	0	1	0	0	0		
148	P	1	0	0	0	0		
149	K	0	1	0	1	1		
150	N	0	1	1	1	0		
151	L	0	1	1	0	0		
152	L	0	1	1	0	0		
153	L	0	1	1	0	0		
154	J	0	1	0	1	0		
155	E	0	0	1	0	1		
156	I	0	1	0	0	1		
157	O	0	1	1	1	1		
158	V	1	0	1	1	0		
159	V	1	0	1	1	0		
160	X	0	0	0	0	0		
161	X	0	0	0	0	0		
162	L	0	1	1	0	0		
163	I	0	1	0	0	1		
164	O	0	1	1	1	1		
165	V	1	0	1	1	0		
166	V	1	0	1	1	0		
167	R	1	0	0	1	0		
168	V	1	0	1	1	0		
169	X	0	0	0	0	0		
170	X	0	0	0	0	0		
171	L	0	1	1	0	0		
172	I	0	1	0	0	1		
173	O	0	1	1	1	1		
174	V	1	0	1	1	0		
175	V	1	0	1	1	0		
176	T	1	0	1	0	0		
177	E	0	0	1	0	1		
178	O	0	1	1	1	1		
179	B	0	0	0	1	0		
180	K	0	1	0	1	1		
181	C	0	0	0	1	1		
182	N	0	1	1	1	0		
183	N	0	1	1	1	0		
184	J	0	1	0	1	0		
185	H	0	1	0	0	0		
186	K	0	1	0	1	1		
187	W	1	0	1	1	1		
188	R	1	0	0	1	0		
189	D	0	0	1	0	0		
190	I	0	1	0	0	1		
191	A	0	0	0	0	1		
192	N	0	1	1	1	0		
193	K	0	1	0	1	1		
194	W	1	0	1	1	1		
195	S	1	0	0	1	1		
196	G	0	0	1	1	1		
197	O	0	1	1	1	1		
198	V	1	0	1	1	0		
199	I	0	1	0	0	1		
200	A	0	0	0	0	1		
201	N	0	1	1	1	0		
202	K	0	1	0	1	1		
203	Z	1	1	0	0	0		
204	Q	1	0	0	0	1		
205	U	1	0	1	0	1		
206	O	0	1	1	1	1		
207	X	0	0	0	0	0		
208	X	0	0	0	0	0		
209	L	0	1	1	0	0		
210	I	0	1	0	0	1		
211	O	0	1	1	1	1		
212	V	1	0	1	1	0		
213	V	1	0	1	1	0		
214	Z	1	1	0	0	0		
215	Z	1	1	0	0	0		
216	Q	1	0	0	0	1		
217	G	0	0	1	1	1		
218	L	0	1	1	0	0		
219	A	0	0	0	0	1		
220	E	0	0	1	0	1		
221	X	0	0	0	0	0		
222	X	0	0	0	0	0		
223	N	0	1	1	1	0		
224	K	0	1	0	1	1		
225	R	1	0	0	1	0		
226	V	1	0	1	1	0		
227	V	1	0	1	1	0		
228	O	0	1	1	1	1		
229	V	1	0	1	1	0		
230	K	0	1	0	1	1		
231	I	0	1	0	0	1		
232	A	0	0	0	0	1		
233	N	0	1	1	1	0		
234	K	0	1	0	1	1		
235	W	1	0	1	1	1		
236	S	1	0	0	1	1		
237	G	0	0	1	1	1		
238	Q	1	0	0	0	1		
239	Z	1	1	0	0	0		
240	X	0	0	0	0	0		
241	X	0	0	0	0	0		
242	N	0	1	1	1	0		
243	K	0	1	0	1	1		
244	R	1	0	0	1	0		
245	V	1	0	1	1	0		
246	U	1	0	1	0	1		
247	O	0	1	1	1	1		
248	D	0	0	1	0	0		
249	M	0	1	1	0	1		
250	B	0	0	0	1	0		
251	G	0	0	1	1	1		
252	A	0	0	0	0	1		
253	L	0	1	1	0	0		
254	L	0	1	1	0	0		
255	A	0	0	0	0	1		
256	S	1	0	0	1	1		
257	Q	1	0	0	0	1		
258	L	0	1	1	0	0		
259	U	1	0	1	0	1		
260	A	0	0	0	0	1		
261	F	0	0	1	1	0		
262	X	0	0	0	0	0		
263	X	0	0	0	0	0		
264	N	0	1	1	1	0		
265	J	0	1	0	1	0		
266	G	0	0	1	1	1		
267	A	0	0	0	0	1		
268	L	0	1	1	0	0		
269	L	0	1	1	0	0		
270	N	0	1	1	1	0		
271	N	0	1	1	1	0		
272	H	0	1	0	0	0		
273	D	0	0	1	0	0		
274	L	0	1	1	0	0		
275	E	0	0	1	0	1		
276	R	1	0	0	1	0		
277	V	1	0	1	1	0		
278	U	1	0	1	0	1		
279	O	0	1	1	1	1		
280	D	0	0	1	0	0		
281	L	0	1	1	0	0		
282	M	0	1	1	0	1		
283	D	0	0	1	0	0		
284	F	0	0	1	1	0		
285	C	0	0	0	1	1		
286	X	0	0	0	0	0		
287	X	0	0	0	0	0		
288	N	0	1	1	1	0		
289	K	0	1	0	1	1		
290	S	1	0	0	1	1		
291	F	0	0	1	1	0		
292	N	0	1	1	1	0		
293	C	0	0	0	1	1		
294	G	0	0	1	1	1		
295	L	0	1	1	0	0		
296	M	0	1	1	0	1		
297	D	0	0	1	0	0		
298	F	0	0	1	1	0		
299	C	0	0	0	1	1		
300	N	0	1	1	1	0		
301	N	0	1	1	1	0		
302	H	0	1	0	0	0		
303	D	0	0	1	0	0		
304	L	0	1	1	0	0		
305	E	0	0	1	0	1		
306	R	1	0	0	1	0		
307	V	1	0	1	1	0		
308	Z	1	1	0	0	0		
309	T	1	0	1	0	0		
310	I	0	1	0	0	1		
311	K	0	1	0	1	1		
312	S	1	0	0	1	1		
313	F	0	0	1	1	0		
314	N	0	1	1	1	0		
315	C	0	0	0	1	1		
316	G	0	0	1	1	1		
317	L	0	1	1	0	0		
318	M	0	1	1	0	1		
319	D	0	0	1	0	0		
320	E	0	0	1	0	1		
321	I	0	1	0	0	1		
322	O	0	1	1	1	1		
323	V	1	0	1	1	0		
324	V	1	0	1	1	0		
325	R	1	0	0	1	0		
326	Z	1	1	0	0	0		
327	S	1	0	0	1	1		
328	R	1	0	0	1	0		
329	U	1	0	1	0	1		
330	O	0	1	1	1	1		
331	B	0	0	0	1	0		
332	K	0	1	0	1	1		
333	C	0	0	0	1	1		
334	L	0	1	1	0	0		
335	J	0	1	0	1	0		
336	J	0	1	0	1	0		
337	X	0	0	0	0	0		
338	L	0	1	1	0	0		
339	I	0	1	0	0	1		
340	X	0	0	0	0	0		
341	X	0	0	0	0	0		
