Point	Label	1	2	3	4	5	
1	L	0	1	1	0	0	
2	I	0	1	0	0	1	
3	X	0	0	0	0	0	
4	L	0	1	1	0	0	
5	J	0	1	0	1	0	
6	E	0	0	1	0	1	
7	I	0	1	0	0	1	
8	Q	1	0	0	0	1	
9	G	0	0	1	1	1	
10	L	0	1	1	0	0	
11	A	0	0	0	0	1	
12	F	0	0	1	1	0	
13	N	0	1	1	1	0	
14	N	0	1	1	1	0	
15	H	0	1	0	0	0	
16	D	0	0	1	0	0	
17	L	0	1	1	0	0	
18	E	0	0	1	0	1	
19	R	1	0	0	1	0	
20	V	1	0	1	1	0	
21	V	1	0	1	1	0	
22	O	0	1	1	1	1	
23	V	1	0	1	1	0	
24	X	0	0	0	0	0	
25	L	0	1	1	0	0	
26	I	0	1	0	0	1	
27	Q	1	0	0	0	1	
28	G	0	0	1	1	1	
29	L	0	1	1	0	0	
30	A	0	0	0	0	1	
31	F	0	0	1	1	0	
32	N	0	1	1	1	0	
33	N	0	1	1	1	0	
34	H	0	1	0	0	0	
35	D	0	0	1	0	0	
36	L	0	1	1	0	0	
37	E	0	0	1	0	1	
38	R	1	0	0	1	0	
39	U	1	0	1	0	1	
40	L	0	1	1	0	0	
41	A	0	0	0	0	1	
42	N	0	1	1	1	0	
43	K	0	1	0	1	1	
44	S	1	0	0	1	1	
45	F	0	0	1	1	0	
46	N	0	1	1	1	0	
47	C	0	0	0	1	1	
48	G	0	0	1	1	1	
49	M	0	1	1	0	1	
50	N	0	1	1	1	0	
51	X	0	0	0	0	0	
52	L	0	1	1	0	0	
53	I	0	1	0	0	1	
54	Q	1	0	0	0	1	
55	G	0	0	1	1	1	
56	L	0	1	1	0	0	
57	A	0	0	0	0	1	
58	F	0	0	1	1	0	
59	N	0	1	1	1	0	
60	N	0	1	1	1	0	
61	M	0	1	1	0	1	
62	B	0	0	0	1	0	
63	H	0	1	0	0	0	
64	K	0	1	0	1	1	
65	R	1	0	0	1	0	
66	W	1	0	1	1	1	
67	D	0	0	1	0	0	
68	U	1	0	1	0	1	
69	L	0	1	1	0	0	
70	A	0	0	0	0	1	
71	L	0	1	1	0	0	
72	L	0	1	1	0	0	
73	I	0	1	0	0	1	
74	O	0	1	1	1	1	
75	V	1	0	1	1	0	
76	V	1	0	1	1	0	
77	R	1	0	0	1	0	
78	U	1	0	1	0	1	
79	O	0	1	1	1	1	
80	B	0	0	0	1	0	
81	K	0	1	0	1	1	
82	C	0	0	0	1	1	
83	N	0	1	1	1	0	
84	N	0	1	1	1	0	
85	K	0	1	0	1	1	
86	V	1	0	1	1	0	
87	K	0	1	0	1	1	
88	D	0	0	1	0	0	
89	I	0	1	0	0	1	
90	A	0	0	0	0	1	
91	N	0	1	1	1	0	
92	K	0	1	0	1	1	
93	Z	1	1	0	0	0	
94	Q	1	0	0	0	1	
95	Z	1	1	0	0	0	
96	Z	1	1	0	0	0	
97	S	1	0	0	1	1	
98	F	0	0	1	1	0	
99	N	0	1	1	1	0	
100	C	0	0	0	1	1	
101	G	0	0	1	1	1	
102	L	0	1	1	0	0	
103	M	0	1	1	0	1	
104	D	0	0	1	0	0	
105	E	0	0	1	0	1	
106	K	0	1	0	1	1	
107	N	0	1	1	1	0	
108	N	0	1	1	1	0	
109	X	0	0	0	0	0	
110	N	0	1	1	1	0	
111	K	0	1	0	1	1	
112	S	1	0	0	1	1	
113	F	0	0	1	1	0	
114	M	0	1	1	0	1	
115	B	0	0	0	1	0	
116	H	0	1	0	0	0	
117	D	0	0	1	0	0	
118	U	1	0	1	0	1	
119	M	0	1	1	0	1	
120	R	1	0	0	1	0	
121	P	1	0	0	0	0	
122	W	1	0	1	1	1	
123	V	1	0	1	1	0	
124	R	1	0	0	1	0	
125	U	1	0	1	0	1	
126	Q	1	0	0	0	1	
128	F	0	0	1	1	0	
129	S	1	0	0	1	1	
130	W	1	0	1	1	1	
131	R	1	0	0	1	0	
132	B	0	0	0	1	0	
133	N	0	1	1	1	0	
134	N	0	1	1	1	0	
135	C	0	0	0	1	1	
136	Q	1	0	0	0	1	
137	X	0	0	0	0	0	
138	L	0	1	1	0	0	
139	I	0	1	0	0	1	
140	Q	1	0	0	0	1	
141	G	0	0	1	1	1	
142	M	0	1	1	0	1	
143	D	0	0	1	0	0	
144	E	0	0	1	0	1	
145	B	0	0	0	1	0	
146	W	1	0	1	1	1	
147	N	0	1	1	1	0	
148	C	0	0	0	1	1	
149	N	0	1	1	1	0	
150	N	0	1	1	1	0	
151	K	0	1	0	1	1	
152	R	1	0	0	1	0	
153	V	1	0	1	1	0	
154	V	1	0	1	1	0	
155	P	1	0	0	0	0	
156	G	0	0	1	1	1	
157	Q	1	0	0	0	1	
158	U	1	0	1	0	1	
159	O	0	1	1	1	1	
160	D	0	0	1	0	0	
161	L	0	1	1	0	0	
162	L	0	1	1	0	0	
163	A	0	0	0	0	1	
164	S	1	0	0	1	1	
165	Q	1	0	0	0	1	
166	L	0	1	1	0	0	
167	U	1	0	1	0	1	
168	B	0	0	0	1	0	
169	W	1	0	1	1	1	
170	M	0	1	1	0	1	
171	O	0	1	1	1	1	
172	R	1	0	0	1	0	
173	B	0	0	0	1	0	
174	N	0	1	1	1	0	
175	N	0	1	1	1	0	
176	C	0	0	0	1	1	
177	Q	1	0	0	0	1	
178	S	1	0	0	1	1	
179	L	0	1	1	0	0	
180	A	0	0	0	0	1	
182	X	0	0	0	0	0	
183	L	0	1	1	0	0	
184	I	0	1	0	0	1	
185	Q	1	0	0	0	1	
186	G	0	0	1	1	1	
187	L	0	1	1	0	0	
188	A	0	0	0	0	1	
189	F	0	0	1	1	0	
190	N	0	1	1	1	0	
191	N	0	1	1	1	0	
192	H	0	1	0	0	0	
193	D	0	0	1	0	0	
194	L	0	1	1	0	0	
195	E	0	0	1	0	1	
196	R	1	0	0	1	0	
197	V	1	0	1	1	0	
198	V	1	0	1	1	0	
199	O	0	1	1	1	1	
200	V	1	0	1	1	0	
201	K	0	1	0	1	1	
202	X	0	0	0	0	0	
203	N	0	1	1	1	0	
204	K	0	1	0	1	1	
205	S	1	0	0	1	1	
206	F	0	0	1	1	0	
207	N	0	1	1	1	0	
208	C	0	0	0	1	1	
209	H	0	1	0	0	0	
210	D	0	0	1	0	0	
211	L	0	1	1	0	0	
212	E	0	0	1	0	1	
213	R	1	0	0	1	0	
214	V	1	0	1	1	0	
215	V	1	0	1	1	0	
216	O	0	1	1	1	1	
217	W	1	0	1	1	1	
218	S	1	0	0	1	1	
219	H	0	1	0	0	0	
220	R	1	0	0	1	0	
221	D	0	0	1	0	0	
222	I	0	1	0	0	1	
223	A	0	0	0	0	1	
224	N	0	1	1	1	0	
225	J	0	1	0	1	0	
226	G	0	0	1	1	1	
227	A	0	0	0	0	1	
228	L	0	1	1	0	0	
229	L	0	1	1	0	0	
230	A	0	0	0	0	1	
231	S	1	0	0	1	1	
232	R	1	0	0	1	0	
233	B	0	0	0	1	0	
234	M	0	1	1	0	1	
235	D	0	0	1	0	0	
236	E	0	0	1	0	1	
237	K	0	1	0	1	1	
238	N	0	1	1	1	0	
239	N	0	1	1	1	0	
240	K	0	1	0	1	1	
241	W	1	0	1	1	1	
242	S	1	0	0	1	1	
243	H	0	1	0	0	0	
244	R	1	0	0	1	0	
245	C	0	0	0	1	1	
246	S	1	0	0	1	1	
247	G	0	0	1	1	1	
248	O	0	1	1	1	1	
249	U	1	0	1	0	1	
250	I	0	1	0	0	1	
251	L	0	1	1	0	0	
252	L	0	1	1	0	0	
253	I	0	1	0	0	1	
254	V	1	0	1	1	0	
255	X	0	0	0	0	0	
256	X	0	0	0	0	0	
257	L	0	1	1	0	0	
258	I	0	1	0	0	1	
259	Q	1	0	0	0	1	
260	G	0	0	1	1	1	
261	L	0	1	1	0	0	
262	A	0	0	0	0	1	
263	F	0	0	1	1	0	
264	N	0	1	1	1	0	
265	M	0	1	1	0	1	
266	B	0	0	0	1	0	
267	H	0	1	0	0	0	
268	K	0	1	0	1	1	
269	S	1	0	0	1	1	
270	F	0	0	1	1	0	
271	N	0	1	1	1	0	
272	C	0	0	0	1	1	
273	G	0	0	1	1	1	
274	L	0	1	1	0	0	
275	M	0	1	1	0	1	
276	D	0	0	1	0	0	
277	E	0	0	1	0	1	
278	K	0	1	0	1	1	
279	N	0	1	1	1	0	
280	N	0	1	1	1	0	
281	K	0	1	0	1	1	
282	S	1	0	0	1	1	
283	F	0	0	1	1	0	
284	N	0	1	1	1	0	
285	C	0	0	0	1	1	
286	G	0	0	1	1	1	
287	M	0	1	1	0	1	
288	B	0	0	0	1	0	
289	H	0	1	0	0	0	
290	X	0	0	0	0	0	
291	L	0	1	1	0	0	
292	I	0	1	0	0	1	
293	Q	1	0	0	0	1	
294	G	0	0	1	1	1	
295	M	0	1	1	0	1	
296	D	0	0	1	0	0	
297	E	0	0	1	0	1	
298	B	0	0	0	1	0	
299	U	1	0	1	0	1	
300	B	0	0	0	1	0	
301	W	1	0	1	1	1	
302	N	0	1	1	1	0	
303	X	0	0	0	0	0	
304	N	0	1	1	1	0	
305	K	0	1	0	1	1	
306	S	1	0	0	1	1	
307	F	0	0	1	1	0	
308	M	0	1	1	0	1	
309	B	0	0	0	1	0	
310	H	0	1	0	0	0	
311	D	0	0	1	0	0	
312	U	1	0	1	0	1	
313	L	0	1	1	0	0	
314	A	0	0	0	0	1	
315	L	0	1	1	0	0	
316	L	0	1	1	0	0	
317	I	0	1	0	0	1	
318	O	0	1	1	1	1	
319	V	1	0	1	1	0	
320	V	1	0	1	1	0	
321	R	1	0	0	1	0	
322	W	1	0	1	1	1	
323	K	0	1	0	1	1	
324	N	0	1	1	1	0	
325	N	0	1	1	1	0	
326	K	0	1	0	1	1	
327	W	1	0	1	1	1	
328	R	1	0	0	1	0	
329	D	0	0	1	0	0	
330	I	0	1	0	0	1	
331	A	0	0	0	0	1	
332	L	0	1	1	0	0	
333	L	0	1	1	0	0	
334	I	0	1	0	0	1	
335	V	1	0	1	1	0	
336	K	0	1	0	1	1	
337	C	0	0	0	1	1	
338	L	0	1	1	0	0	
339	I	0	1	0	0	1	
340	U	1	0	1	0	1	
341	Q	1	0	0	0	1	
342	F	0	0	1	1	0	
343	S	1	0	0	1	1	
344	W	1	0	1	1	1	
345	R	1	0	0	1	0	
346	B	0	0	0	1	0	
347	N	0	1	1	1	0	
348	N	0	1	1	1	0	
349	C	0	0	0	1	1	
350	Q	1	0	0	0	1	
351	R	1	0	0	1	0	
352	R	1	0	0	1	0	
353	O	0	1	1	1	1	
354	D	0	0	1	0	0	
355	L	0	1	1	0	0	
356	L	0	1	1	0	0	
357	B	0	0	0	1	0	
358	N	0	1	1	1	0	
359	M	0	1	1	0	1	
360	B	0	0	0	1	0	
361	H	0	1	0	0	0	
362	K	0	1	0	1	1	
363	W	1	0	1	1	1	
364	S	1	0	0	1	1	
365	G	0	0	1	1	1	
366	O	0	1	1	1	1	
367	V	1	0	1	1	0	
368	I	0	1	0	0	1	
369	A	0	0	0	0	1	
370	X	0	0	0	0	0	
371	M	0	1	1	0	1	
372	D	0	0	1	0	0	
373	L	0	1	1	0	0	
374	V	1	0	1	1	0	
375	V	1	0	1	1	0	
376	T	1	0	1	0	0	
377	E	0	0	1	0	1	
378	O	0	1	1	1	1	
379	B	0	0	0	1	0	
380	K	0	1	0	1	1	
381	C	0	0	0	1	1	
382	L	0	1	1	0	0	
383	J	0	1	0	1	0	
384	F	0	0	1	1	0	
385	C	0	0	0	1	1	
386	N	0	1	1	1	0	
387	N	0	1	1	1	0	
388	C	0	0	0	1	1	
389	Q	1	0	0	0	1	
390	R	1	0	0	1	0	
391	O	0	1	1	1	1	
392	C	0	0	0	1	1	
393	Q	1	0	0	0	1	
394	S	1	0	0	1	1	
395	N	0	1	1	1	0	
396	W	1	0	1	1	1	
397	C	0	0	0	1	1	
398	G	0	0	1	1	1	
399	A	0	0	0	0	1	
400	L	0	1	1	0	0	
401	E	0	0	1	0	1	
402	R	1	0	0	1	0	
403	V	1	0	1	1	0	
404	V	1	0	1	1	0	
405	X	0	0	0	0	0	
406	X	0	0	0	0	0	
407	M	0	1	1	0	1	
408	C	0	0	0	1	1	
409	L	0	1	1	0	0	
410	I	0	1	0	0	1	
411	Q	1	0	0	0	1	
412	G	0	0	1	1	1	
413	L	0	1	1	0	0	
414	A	0	0	0	0	1	
415	F	0	0	1	1	0	
416	N	0	1	1	1	0	
417	N	0	1	1	1	0	
418	H	0	1	0	0	0	
419	D	0	0	1	0	0	
420	L	0	1	1	0	0	
421	E	0	0	1	0	1	
422	R	1	0	0	1	0	
423	V	1	0	1	1	0	
424	W	1	0	1	1	1	
425	W	1	0	1	1	1	
426	T	1	0	1	0	0	
427	U	1	0	1	0	1	
428	V	1	0	1	1	0	
429	V	1	0	1	1	0	
430	O	0	1	1	1	1	
431	W	1	0	1	1	1	
432	S	1	0	0	1	1	
433	G	0	0	1	1	1	
434	O	0	1	1	1	1	
435	V	1	0	1	1	0	
436	X	0	0	0	0	0	
437	L	0	1	1	0	0	
438	I	0	1	0	0	1	
439	Q	1	0	0	0	1	
440	G	0	0	1	1	1	
441	L	0	1	1	0	0	
442	A	0	0	0	0	1	
443	F	0	0	1	1	0	
444	E	0	0	1	0	1	
445	B	0	0	0	1	0	
446	N	0	1	1	1	0	
447	H	0	1	0	0	0	
448	O	0	1	1	1	1	
449	V	1	0	1	1	0	
450	X	0	0	0	0	0	
451	L	0	1	1	0	0	
452	I	0	1	0	0	1	
453	Q	1	0	0	0	1	
454	G	0	0	1	1	1	
455	L	0	1	1	0	0	
456	A	0	0	0	0	1	
457	F	0	0	1	1	0	
458	M	0	1	1	0	1	
459	D	0	0	1	0	0	
460	E	0	0	1	0	1	
461	K	0	1	0	1	1	
462	N	0	1	1	1	0	
463	M	0	1	1	0	1	
464	B	0	0	0	1	0	
465	N	0	1	1	1	0	
466	W	1	0	1	1	1	
467	C	0	0	0	1	1	
468	G	0	0	1	1	1	
469	A	0	0	0	0	1	
470	L	0	1	1	0	0	
471	E	0	0	1	0	1	
472	T	1	0	1	0	0	
473	I	0	1	0	0	1	
474	L	0	1	1	0	0	
475	L	0	1	1	0	0	
476	I	0	1	0	0	1	
477	Q	1	0	0	0	1	
478	G	0	0	1	1	1	
479	M	0	1	1	0	1	
480	D	0	0	1	0	0	
481	E	0	0	1	0	1	
482	B	0	0	0	1	0	
483	U	1	0	1	0	1	
484	U	1	0	1	0	1	
485	A	0	0	0	0	1	
486	F	0	0	1	1	0	
487	C	0	0	0	1	1	
488	N	0	1	1	1	0	
489	H	0	1	0	0	0	
490	O	0	1	1	1	1	
491	W	1	0	1	1	1	
492	N	0	1	1	1	0	
493	C	0	0	0	1	1	
494	N	0	1	1	1	0	
495	N	0	1	1	1	0	
496	J	0	1	0	1	0	
497	G	0	0	1	1	1	
498	A	0	0	0	0	1	
499	L	0	1	1	0	0	
500	L	0	1	1	0	0	
501	E	0	0	1	0	1	
502	B	0	0	0	1	0	
503	N	0	1	1	1	0	
504	H	0	1	0	0	0	
505	O	0	1	1	1	1	
506	V	1	0	1	1	0	
507	V	1	0	1	1	0	
508	T	1	0	1	0	0	
509	X	0	0	0	0	0	
510	M	0	1	1	0	1	
511	D	0	0	1	0	0	
512	X	0	0	0	0	0	
513	M	0	1	1	0	1	
514	D	0	0	1	0	0	
515	L	0	1	1	0	0	
516	U	1	0	1	0	1	
517	A	0	0	0	0	1	
518	F	0	0	1	1	0	
519	C	0	0	0	1	1	
520	N	0	1	1	1	0	
521	G	0	0	1	1	1	
522	L	0	1	1	0	0	
523	A	0	0	0	0	1	
524	F	0	0	1	1	0	
525	E	0	0	1	0	1	
526	B	0	0	0	1	0	
527	N	0	1	1	1	0	
528	G	0	0	1	1	1	
529	L	0	1	1	0	0	
530	A	0	0	0	0	1	
531	F	0	0	1	1	0	
532	N	0	1	1	1	0	
533	M	0	1	1	0	1	
534	B	0	0	0	1	0	
535	H	0	1	0	0	0	
536	I	0	1	0	0	1	
537	L	0	1	1	0	0	
538	M	0	1	1	0	1	
539	D	0	0	1	0	0	
540	X	0	0	0	0	0	
541	L	0	1	1	0	0	
542	J	0	1	0	1	0	
543	F	0	0	1	1	0	
544	C	0	0	0	1	1	
545	N	0	1	1	1	0	
546	N	0	1	1	1	0	
547	H	0	1	0	0	0	
548	D	0	0	1	0	0	
549	L	0	1	1	0	0	
550	E	0	0	1	0	1	
551	R	1	0	0	1	0	
552	V	1	0	1	1	0	
553	U	1	0	1	0	1	
554	Q	1	0	0	0	1	
555	S	1	0	0	1	1	
556	X	0	0	0	0	0	
557	N	0	1	1	1	0	
558	K	0	1	0	1	1	
559	R	1	0	0	1	0	
560	V	1	0	1	1	0	
561	U	1	0	1	0	1	
562	X	0	0	0	0	0	
563	L	0	1	1	0	0	
564	J	0	1	0	1	0	
565	F	0	0	1	1	0	
566	C	0	0	0	1	1	
567	N	0	1	1	1	0	
568	N	0	1	1	1	0	
569	H	0	1	0	0	0	
570	D	0	0	1	0	0	
571	L	0	1	1	0	0	
572	E	0	0	1	0	1	
573	R	1	0	0	1	0	
574	V	1	0	1	1	0	
575	V	1	0	1	1	0	
576	O	0	1	1	1	1	
577	U	1	0	1	0	1	
578	I	0	1	0	0	1	
579	L	0	1	1	0	0	
580	L	0	1	1	0	0	
581	I	0	1	0	0	1	
582	U	1	0	1	0	1	
583	Q	1	0	0	0	1	
584	F	0	0	1	1	0	
585	R	1	0	0	1	0	
586	V	1	0	1	1	0	
587	X	0	0	0	0	0	
588	N	0	1	1	1	0	
589	J	0	1	0	1	0	
590	H	0	1	0	0	0	
591	K	0	1	0	1	1	
592	T	1	0	1	0	0	
593	I	0	1	0	0	1	
594	L	0	1	1	0	0	
595	M	0	1	1	0	1	
596	D	0	0	1	0	0	
597	L	0	1	1	0	0	
598	V	1	0	1	1	0	
599	V	1	0	1	1	0	
600	R	1	0	0	1	0	
601	V	1	0	1	1	0	
602	I	0	1	0	0	1	
603	A	0	0	0	0	1	
604	Q	1	0	0	0	1	
605	F	0	0	1	1	0	
606	R	1	0	0	1	0	
607	V	1	0	1	1	0	
608	K	0	1	0	1	1	
609	C	0	0	0	1	1	
610	L	0	1	1	0	0	
611	I	0	1	0	0	1	
612	Z	1	1	0	0	0	
613	S	1	0	0	1	1	
614	Z	1	1	0	0	0	
615	V	1	0	1	1	0	
616	V	1	0	1	1	0	
617	R	1	0	0	1	0	
618	W	1	0	1	1	1	
619	J	0	1	0	1	0	
620	F	0	0	1	1	0	
621	C	0	0	0	1	1	
622	N	0	1	1	1	0	
623	N	0	1	1	1	0	
624	D	0	0	1	0	0	
625	L	0	1	1	0	0	
626	L	0	1	1	0	0	
627	A	0	0	0	0	1	
628	S	1	0	0	1	1	
629	O	0	1	1	1	1	
630	R	1	0	0	1	0	
631	B	0	0	0	1	0	
632	N	0	1	1	1	0	
633	M	0	1	1	0	1	
634	X	0	0	0	0	0	
635	N	0	1	1	1	0	
636	K	0	1	0	1	1	
637	R	1	0	0	1	0	
638	V	1	0	1	1	0	
639	V	1	0	1	1	0	
640	O	0	1	1	1	1	
641	V	1	0	1	1	0	
642	I	0	1	0	0	1	
643	A	0	0	0	0	1	
644	N	0	1	1	1	0	
645	K	0	1	0	1	1	
646	Z	1	1	0	0	0	
647	Q	1	0	0	0	1	
648	U	1	0	1	0	1	
649	X	0	0	0	0	0	
650	M	0	1	1	0	1	
651	C	0	0	0	1	1	
652	N	0	1	1	1	0	
653	N	0	1	1	1	0	
654	K	0	1	0	1	1	
655	R	1	0	0	1	0	
656	V	1	0	1	1	0	
657	V	1	0	1	1	0	
658	O	0	1	1	1	1	
659	W	1	0	1	1	1	
660	R	1	0	0	1	0	
661	D	0	0	1	0	0	
662	I	0	1	0	0	1	
663	A	0	0	0	0	1	
664	N	0	1	1	1	0	
665	J	0	1	0	1	0	
666	G	0	0	1	1	1	
667	X	0	0	0	0	0	
668	X	0	0	0	0	0	
669	L	0	1	1	0	0	
670	I	0	1	0	0	1	
671	Q	1	0	0	0	1	
672	G	0	0	1	1	1	
673	L	0	1	1	0	0	
674	A	0	0	0	0	1	
675	F	0	0	1	1	0	
676	N	0	1	1	1	0	
677	N	0	1	1	1	0	
678	H	0	1	0	0	0	
679	G	0	0	1	1	1	
680	M	0	1	1	0	1	
681	B	0	0	0	1	0	
682	H	0	1	0	0	0	
683	I	0	1	0	0	1	
684	L	0	1	1	0	0	
685	M	0	1	1	0	1	
686	D	0	0	1	0	0	
687	L	0	1	1	0	0	
688	U	1	0	1	0	1	
689	A	0	0	0	0	1	
690	F	0	0	1	1	0	
691	C	0	0	0	1	1	
692	N	0	1	1	1	0	
693	H	0	1	0	0	0	
694	O	0	1	1	1	1	
695	V	1	0	1	1	0	
696	V	1	0	1	1	0	
697	R	1	0	0	1	0	
698	V	1	0	1	1	0	
699	I	0	1	0	0	1	
700	A	0	0	0	0	1	
701	Q	1	0	0	0	1	
702	F	0	0	1	1	0	
703	R	1	0	0	1	0	
704	V	1	0	1	1	0	
705	K	0	1	0	1	1	
706	C	0	0	0	1	1	
707	N	0	1	1	1	0	
708	N	0	1	1	1	0	
709	K	0	1	0	1	1	
710	W	1	0	1	1	1	
711	R	1	0	0	1	0	
712	D	0	0	1	0	0	
713	I	0	1	0	0	1	
714	A	0	0	0	0	1	
715	N	0	1	1	1	0	
716	K	0	1	0	1	1	
717	W	1	0	1	1	1	
718	S	1	0	0	1	1	
719	H	0	1	0	0	0	
720	T	1	0	1	0	0	
721	U	1	0	1	0	1	
722	I	0	1	0	0	1	
723	L	0	1	1	0	0	
724	L	0	1	1	0	0	
725	J	0	1	0	1	0	
726	F	0	0	1	1	0	
727	C	0	0	0	1	1	
728	L	0	1	1	0	0	
729	B	0	0	0	1	0	
730	N	0	1	1	1	0	
731	N	0	1	1	1	0	
732	C	0	0	0	1	1	
733	Q	1	0	0	0	1	
734	S	1	0	0	1	1	
735	N	0	1	1	1	0	
736	W	1	0	1	1	1	
737	C	0	0	0	1	1	
738	G	0	0	1	1	1	
739	A	0	0	0	0	1	
740	N	0	1	1	1	0	
741	D	0	0	1	0	0	
742	L	0	1	1	0	0	
743	E	0	0	1	0	1	
744	R	1	0	0	1	0	
745	V	1	0	1	1	0	
746	V	1	0	1	1	0	
747	O	0	1	1	1	1	
748	V	1	0	1	1	0	
749	J	0	1	0	1	0	
750	Z	1	1	0	0	0	
751	Q	1	0	0	0	1	
752	W	1	0	1	1	1	
753	U	1	0	1	0	1	
754	Q	1	0	0	0	1	
755	S	1	0	0	1	1	
756	L	0	1	1	0	0	
757	A	0	0	0	0	1	
758	L	0	1	1	0	0	
759	L	0	1	1	0	0	
760	J	0	1	0	1	0	
761	F	0	0	1	1	0	
762	C	0	0	0	1	1	
763	N	0	1	1	1	0	
764	N	0	1	1	1	0	
765	H	0	1	0	0	0	
766	D	0	0	1	0	0	
767	L	0	1	1	0	0	
768	E	0	0	1	0	1	
769	R	1	0	0	1	0	
770	U	1	0	1	0	1	
771	L	0	1	1	0	0	
772	A	0	0	0	0	1	
773	N	0	1	1	1	0	
774	K	0	1	0	1	1	
775	R	1	0	0	1	0	
776	V	1	0	1	1	0	
777	V	1	0	1	1	0	
778	O	0	1	1	1	1	
779	W	1	0	1	1	1	
780	S	1	0	0	1	1	
781	G	0	0	1	1	1	
782	X	0	0	0	0	0	
783	L	0	1	1	0	0	
784	I	0	1	0	0	1	
785	P	1	0	0	0	0	
786	K	0	1	0	1	1	
787	N	0	1	1	1	0	
788	N	0	1	1	1	0	
789	K	0	1	0	1	1	
790	R	1	0	0	1	0	
791	X	0	0	0	0	0	
792	N	0	1	1	1	0	
793	K	0	1	0	1	1	
794	R	1	0	0	1	0	
795	V	1	0	1	1	0	
796	V	1	0	1	1	0	
797	P	1	0	0	0	0	
798	H	0	1	0	0	0	
799	R	1	0	0	1	0	
800	D	0	0	1	0	0	
801	I	0	1	0	0	1	
802	X	0	0	0	0	0	
803	L	0	1	1	0	0	
804	I	0	1	0	0	1	
805	Q	1	0	0	0	1	
806	H	0	1	0	0	0	
807	O	0	1	1	1	1	
808	V	1	0	1	1	0	
809	X	0	0	0	0	0	
810	L	0	1	1	0	0	
811	I	0	1	0	0	1	
812	O	0	1	1	1	1	
813	V	1	0	1	1	0	
814	X	0	0	0	0	0	
815	L	0	1	1	0	0	
816	I	0	1	0	0	1	
817	O	0	1	1	1	1	
818	V	1	0	1	1	0	
819	V	1	0	1	1	0	
820	R	1	0	0	1	0	
821	U	1	0	1	0	1	
822	O	0	1	1	1	1	
823	A	0	0	0	0	1	
824	Q	1	0	0	0	1	
825	F	0	0	1	1	0	
826	R	1	0	0	1	0	
827	V	1	0	1	1	0	
828	K	0	1	0	1	1	
829	X	0	0	0	0	0	
830	M	0	1	1	0	1	
831	B	0	0	0	1	0	
832	N	0	1	1	1	0	
833	V	1	0	1	1	0	
834	V	1	0	1	1	0	
835	X	0	0	0	0	0	
836	N	0	1	1	1	0	
837	K	0	1	0	1	1	
838	R	1	0	0	1	0	
839	V	1	0	1	1	0	
840	U	1	0	1	0	1	
841	O	0	1	1	1	1	
842	D	0	0	1	0	0	
843	L	0	1	1	0	0	
844	M	0	1	1	0	1	
845	D	0	0	1	0	0	
846	E	0	0	1	0	1	
847	X	0	0	0	0	0	
848	L	0	1	1	0	0	
849	I	0	1	0	0	1	
850	P	1	0	0	0	0	
851	K	0	1	0	1	1	
852	N	0	1	1	1	0	
853	N	0	1	1	1	0	
854	K	0	1	0	1	1	
855	R	1	0	0	1	0	
856	V	1	0	1	1	0	
857	V	1	0	1	1	0	
858	O	0	1	1	1	1	
859	U	1	0	1	0	1	
860	J	0	1	0	1	0	
861	G	0	0	1	1	1	
862	X	0	0	0	0	0	
863	X	0	0	0	0	0	
864	L	0	1	1	0	0	
865	I	0	1	0	0	1	
866	Q	1	0	0	0	1	
867	G	0	0	1	1	1	
868	L	0	1	1	0	0	
869	A	0	0	0	0	1	
870	F	0	0	1	1	0	
871	N	0	1	1	1	0	
872	N	0	1	1	1	0	
873	X	0	0	0	0	0	
874	N	0	1	1	1	0	
875	K	0	1	0	1	1	
876	S	1	0	0	1	1	
877	F	0	0	1	1	0	
878	N	0	1	1	1	0	
879	C	0	0	0	1	1	
880	G	0	0	1	1	1	
881	M	0	1	1	0	1	
882	B	0	0	0	1	0	
883	H	0	1	0	0	0	
884	K	0	1	0	1	1	
885	X	0	0	0	0	0	
886	M	0	1	1	0	1	
887	B	0	0	0	1	0	
888	N	0	1	1	1	0	
889	W	1	0	1	1	1	
890	C	0	0	0	1	1	
891	G	0	0	1	1	1	
892	A	0	0	0	0	1	
893	L	0	1	1	0	0	
894	E	0	0	1	0	1	
895	R	1	0	0	1	0	
896	V	1	0	1	1	0	
897	V	1	0	1	1	0	
898	O	0	1	1	1	1	
899	W	1	0	1	1	1	
900	S	1	0	0	1	1	
901	G	0	0	1	1	1	
902	O	0	1	1	1	1	
903	V	1	0	1	1	0	
904	K	0	1	0	1	1	
905	C	0	0	0	1	1	
906	S	1	0	0	1	1	
907	G	0	0	1	1	1	
908	O	0	1	1	1	1	
909	V	1	0	1	1	0	
910	I	0	1	0	0	1	
911	A	0	0	0	0	1	
912	L	0	1	1	0	0	
913	L	0	1	1	0	0	
914	I	0	1	0	0	1	
915	U	1	0	1	0	1	
916	O	0	1	1	1	1	
917	B	0	0	0	1	0	
918	K	0	1	0	1	1	
919	C	0	0	0	1	1	
920	L	0	1	1	0	0	
921	I	0	1	0	0	1	
922	U	1	0	1	0	1	
923	Q	1	0	0	0	1	
924	F	0	0	1	1	0	
925	S	1	0	0	1	1	
926	Z	1	1	0	0	0	
927	Z	1	1	0	0	0	
928	Q	1	0	0	0	1	
929	G	0	0	1	1	1	
930	L	0	1	1	0	0	
931	B	0	0	0	1	0	
932	N	0	1	1	1	0	
933	H	0	1	0	0	0	
934	O	0	1	1	1	1	
935	V	1	0	1	1	0	
936	U	1	0	1	0	1	
937	U	1	0	1	0	1	
938	U	1	0	1	0	1	
939	X	0	0	0	0	0	
940	L	0	1	1	0	0	
941	I	0	1	0	0	1	
942	Q	1	0	0	0	1	
943	G	0	0	1	1	1	
944	L	0	1	1	0	0	
945	X	0	0	0	0	0	
946	N	0	1	1	1	0	
947	K	0	1	0	1	1	
948	S	1	0	0	1	1	
949	F	0	0	1	1	0	
950	N	0	1	1	1	0	
951	C	0	0	0	1	1	
952	G	0	0	1	1	1	
953	M	0	1	1	0	1	
954	B	0	0	0	1	0	
955	H	0	1	0	0	0	
956	J	0	1	0	1	0	
957	G	0	0	1	1	1	
958	A	0	0	0	0	1	
959	M	0	1	1	0	1	
960	B	0	0	0	1	0	
961	X	0	0	0	0	0	
962	M	0	1	1	0	1	
963	A	0	0	0	0	1	
964	L	0	1	1	0	0	
965	L	0	1	1	0	0	
966	I	0	1	0	0	1	
967	O	0	1	1	1	1	
968	V	1	0	1	1	0	
969	U	1	0	1	0	1	
970	Z	1	1	0	0	0	
971	V	1	0	1	1	0	
972	X	0	0	0	0	0	
973	L	0	1	1	0	0	
974	I	0	1	0	0	1	
975	O	0	1	1	1	1	
976	V	1	0	1	1	0	
977	U	1	0	1	0	1	
978	W	1	0	1	1	1	
979	R	1	0	0	1	0	
980	B	0	0	0	1	0	
981	N	0	1	1	1	0	
982	N	0	1	1	1	0	
983	D	0	0	1	0	0	
984	L	0	1	1	0	0	
985	M	0	1	1	0	1	
986	D	0	0	1	0	0	
987	E	0	0	1	0	1	
988	X	0	0	0	0	0	
989	L	0	1	1	0	0	
990	I	0	1	0	0	1	
991	Q	1	0	0	0	1	
992	G	0	0	1	1	1	
993	L	0	1	1	0	0	
994	B	0	0	0	1	0	
995	N	0	1	1	1	0	
996	H	0	1	0	0	0	
997	O	0	1	1	1	1	
998	V	1	0	1	1	0	
999	U	1	0	1	0	1	
1000	U	1	0	1	0	1	
1001	O	0	1	1	1	1	
1002	D	0	0	1	0	0	
1003	L	0	1	1	0	0	
1004	M	0	1	1	0	1	
1005	D	0	0	1	0	0	
1006	E	0	0	1	0	1	
1007	I	0	1	0	0	1	
1008	U	1	0	1	0	1	
1009	O	0	1	1	1	1	
1010	B	0	0	0	1	0	
1011	K	0	1	0	1	1	
1012	C	0	0	0	1	1	
1013	L	0	1	1	0	0	
1014	I	0	1	0	0	1	
1015	U	1	0	1	0	1	
1016	O	0	1	1	1	1	
1017	B	0	0	0	1	0	
1018	K	0	1	0	1	1	
1019	X	0	0	0	0	0	
1020	N	0	1	1	1	0	
1021	J	0	1	0	1	0	
1022	G	0	0	1	1	1	
1023	A	0	0	0	0	1	
1024	M	0	1	1	0	1	
1025	A	0	0	0	0	1	
1026	L	0	1	1	0	0	
1027	L	0	1	1	0	0	
1028	E	0	0	1	0	1	
1029	B	0	0	0	1	0	
1030	N	0	1	1	1	0	
1031	H	0	1	0	0	0	
1032	O	0	1	1	1	1	
1033	V	1	0	1	1	0	
1034	U	1	0	1	0	1	
1035	Z	1	1	0	0	0	
1036	V	1	0	1	1	0	
1037	O	0	1	1	1	1	
1038	V	1	0	1	1	0	
1039	I	0	1	0	0	1	
1040	X	0	0	0	0	0	
1041	L	0	1	1	0	0	
1042	J	0	1	0	1	0	
1043	E	0	0	1	0	1	
1044	K	0	1	0	1	1	
1045	N	0	1	1	1	0	
1046	N	0	1	1	1	0	
1047	J	0	1	0	1	0	
1048	X	0	0	0	0	0	
1049	L	0	1	1	0	0	
1050	I	0	1	0	0	1	
1051	Q	1	0	0	0	1	
1052	G	0	0	1	1	1	
1053	L	0	1	1	0	0	
1054	B	0	0	0	1	0	
1055	N	0	1	1	1	0	
1056	H	0	1	0	0	0	
1057	O	0	1	1	1	1	
1058	V	1	0	1	1	0	
1059	U	1	0	1	0	1	
1060	U	1	0	1	0	1	
1061	O	0	1	1	1	1	
1062	D	0	0	1	0	0	
1063	L	0	1	1	0	0	
1064	M	0	1	1	0	1	
1065	D	0	0	1	0	0	
1066	E	0	0	1	0	1	
1067	K	0	1	0	1	1	
1068	N	0	1	1	1	0	
1069	N	0	1	1	1	0	
1070	K	0	1	0	1	1	
1071	W	1	0	1	1	1	
1072	S	1	0	0	1	1	
1073	G	0	0	1	1	1	
1074	O	0	1	1	1	1	
1075	V	1	0	1	1	0	
1076	X	0	0	0	0	0	
1077	L	0	1	1	0	0	
1078	I	0	1	0	0	1	
1079	O	0	1	1	1	1	
1080	V	1	0	1	1	0	
1081	W	1	0	1	1	1	
1082	S	1	0	0	1	1	
1083	Q	1	0	0	0	1	
1084	N	0	1	1	1	0	
1085	C	0	0	0	1	1	
1086	L	0	1	1	0	0	
1087	I	0	1	0	0	1	
1088	Q	1	0	0	0	1	
1089	G	0	0	1	1	1	
1090	L	0	1	1	0	0	
1091	B	0	0	0	1	0	
1092	N	0	1	1	1	0	
1093	H	0	1	0	0	0	
1094	O	0	1	1	1	1	
1095	U	1	0	1	0	1	
1096	A	0	0	0	0	1	
1097	F	0	0	1	1	0	
1098	C	0	0	0	1	1	
1099	N	0	1	1	1	0	
1100	H	0	1	0	0	0	
1101	O	0	1	1	1	1	
1102	W	1	0	1	1	1	
1103	N	0	1	1	1	0	
1104	C	0	0	0	1	1	
1105	L	0	1	1	0	0	
1106	I	0	1	0	0	1	
1107	O	0	1	1	1	1	
1108	V	1	0	1	1	0	
1109	V	1	0	1	1	0	
1110	R	1	0	0	1	0	
1111	V	1	0	1	1	0	
1112	K	0	1	0	1	1	
1113	C	0	0	0	1	1	
1114	N	0	1	1	1	0	
1115	N	0	1	1	1	0	
1116	J	0	1	0	1	0	
1117	G	0	0	1	1	1	
1118	A	0	0	0	0	1	
1119	N	0	1	1	1	0	
1120	D	0	0	1	0	0	
1121	L	0	1	1	0	0	
1122	L	0	1	1	0	0	
1123	A	0	0	0	0	1	
1124	S	1	0	0	1	1	
1125	Q	1	0	0	0	1	
1126	N	0	1	1	1	0	
1127	C	0	0	0	1	1	
1128	L	0	1	1	0	0	
1129	I	0	1	0	0	1	
1130	Q	1	0	0	0	1	
1131	G	0	0	1	1	1	
1132	L	0	1	1	0	0	
1133	A	0	0	0	0	1	
1134	E	0	0	1	0	1	
1135	B	0	0	0	1	0	
1136	N	0	1	1	1	0	
1137	H	0	1	0	0	0	
1138	O	0	1	1	1	1	
1139	Z	1	1	0	0	0	
1140	Q	1	0	0	0	1	
1141	H	0	1	0	0	0	
1142	O	0	1	1	1	1	
1143	V	1	0	1	1	0	
1144	W	1	0	1	1	1	
1145	S	1	0	0	1	1	
1146	Q	1	0	0	0	1	
1147	X	0	0	0	0	0	
1148	L	0	1	1	0	0	
1149	I	0	1	0	0	1	
1150	Q	1	0	0	0	1	
1151	G	0	0	1	1	1	
1152	L	0	1	1	0	0	
1153	A	0	0	0	0	1	
1154	F	0	0	1	1	0	
1155	M	0	1	1	0	1	
1156	D	0	0	1	0	0	
1157	X	0	0	0	0	0	
