Point	Label	1	2	3	4	5
1	L	0	1	1	0	0
2	I	0	1	0	0	1
3	O	0	1	1	1	1
4	V	1	0	1	1	0
5	V	1	0	1	1	0
6	X	0	0	0	0	0
7	N	0	1	1	1	0
8	K	0	1	0	1	1
9	S	1	0	0	1	1
10	F	0	0	1	1	0
11	N	0	1	1	1	0
12	D	0	0	1	0	0
13	L	0	1	1	0	0
14	E	0	0	1	0	1
15	R	1	0	0	1	0
16	W	1	0	1	1	1
17	C	0	0	0	1	1
18	G	0	0	1	1	1
19	A	0	0	0	0	1
20	N	0	1	1	1	0
21	C	0	0	0	1	1
22	G	0	0	1	1	1
23	L	0	1	1	0	0
24	N	0	1	1	1	0
25	N	0	1	1	1	0
26	H	0	1	0	0	0
27	D	0	0	1	0	0
28	L	0	1	1	0	0
29	E	0	0	1	0	1
30	R	1	0	0	1	0
31	V	1	0	1	1	0
32	V	1	0	1	1	0
33	P	1	0	0	0	0
34	H	0	1	0	0	0
35	R	1	0	0	1	0
36	D	0	0	1	0	0
37	J	0	1	0	1	0
38	Z	1	1	0	0	0
39	P	1	0	0	0	0
40	H	0	1	0	0	0
41	R	1	0	0	1	0
42	X	0	0	0	0	0
43	L	0	1	1	0	0
44	I	0	1	0	0	1
45	Q	1	0	0	0	1
46	G	0	0	1	1	1
47	L	0	1	1	0	0
48	A	0	0	0	0	1
49	F	0	0	1	1	0
50	N	0	1	1	1	0
51	M	0	1	1	0	1
52	B	0	0	0	1	0
53	H	0	1	0	0	0
54	I	0	1	0	0	1
55	L	0	1	1	0	0
56	N	0	1	1	1	0
57	K	0	1	0	1	1
58	I	0	1	0	0	1
59	L	0	1	1	0	0
60	L	0	1	1	0	0
61	I	0	1	0	0	1
62	O	0	1	1	1	1
63	V	1	0	1	1	0
64	Z	1	1	0	0	0
65	Q	1	0	0	0	1
66	G	0	0	1	1	1
67	L	0	1	1	0	0
68	B	0	0	0	1	0
69	N	0	1	1	1	0
70	G	0	0	1	1	1
71	L	0	1	1	0	0
72	A	0	0	0	0	1
73	F	0	0	1	1	0
74	M	0	1	1	0	1
75	C	0	0	0	1	1
76	M	0	1	1	0	1
77	D	0	0	1	0	0
78	E	0	0	1	0	1
79	K	0	1	0	1	1
80	N	0	1	1	1	0
81	M	0	1	1	0	1
82	B	0	0	0	1	0
83	N	0	1	1	1	0
84	W	1	0	1	1	1
85	C	0	0	0	1	1
86	G	0	0	1	1	1
87	J	0	1	0	1	0
88	F	0	0	1	1	0
89	D	0	0	1	0	0
90	E	0	0	1	0	1
91	K	0	1	0	1	1
92	N	0	1	1	1	0
93	L	0	1	1	0	0
94	I	0	1	0	0	1
95	O	0	1	1	1	1
96	V	1	0	1	1	0
97	V	1	0	1	1	0
98	Z	1	1	0	0	0
99	Z	1	1	0	0	0
100	Q	1	0	0	0	1
101	G	0	0	1	1	1
102	L	0	1	1	0	0
103	X	0	0	0	0	0
104	L	0	1	1	0	0
105	I	0	1	0	0	1
106	Q	1	0	0	0	1
107	G	0	0	1	1	1
108	L	0	1	1	0	0
109	B	0	0	0	1	0
110	N	0	1	1	1	0
111	H	0	1	0	0	0
112	O	0	1	1	1	1
113	U	1	0	1	0	1
114	A	0	0	0	0	1
115	F	0	0	1	1	0
116	C	0	0	0	1	1
117	N	0	1	1	1	0
118	H	0	1	0	0	0
119	O	0	1	1	1	1
120	W	1	0	1	1	1
121	N	0	1	1	1	0
122	C	0	0	0	1	1
123	M	0	1	1	0	1
124	D	0	0	1	0	0
125	M	0	1	1	0	1
126	O	0	1	1	1	1
127	R	1	0	0	1	0
128	B	0	0	0	1	0
129	X	0	0	0	0	0
130	L	0	1	1	0	0
131	I	0	1	0	0	1
132	O	0	1	1	1	1
133	V	1	0	1	1	0
134	Z	1	1	0	0	0
135	O	0	1	1	1	1
136	W	1	0	1	1	1
137	N	0	1	1	1	0
138	D	0	0	1	0	0
139	M	0	1	1	0	1
140	O	0	1	1	1	1
141	R	1	0	0	1	0
142	B	0	0	0	1	0
143	N	0	1	1	1	0
144	M	0	1	1	0	1
145	B	0	0	0	1	0
146	H	0	1	0	0	0
147	I	0	1	0	0	1
148	L	0	1	1	0	0
149	L	0	1	1	0	0
150	I	0	1	0	0	1
151	U	1	0	1	0	1
152	O	0	1	1	1	1
153	B	0	0	0	1	0
154	K	0	1	0	1	1
155	C	0	0	0	1	1
156	L	0	1	1	0	0
157	I	0	1	0	0	1
158	V	1	0	1	1	0
159	J	0	1	0	1	0
160	Z	1	1	0	0	0
161	S	1	0	0	1	1
162	T	1	0	1	0	0
163	E	0	0	1	0	1
164	P	1	0	0	0	0
165	W	1	0	1	1	1
166	J	0	1	0	1	0
167	F	0	0	1	1	0
168	C	0	0	0	1	1
169	N	0	1	1	1	0
170	N	0	1	1	1	0
171	C	0	0	0	1	1
172	Q	1	0	0	0	1
173	S	1	0	0	1	1
174	N	0	1	1	1	0
175	W	1	0	1	1	1
176	D	0	0	1	0	0
177	U	1	0	1	0	1
178	M	0	1	1	0	1
179	R	1	0	0	1	0
180	P	1	0	0	0	0
181	W	1	0	1	1	1
182	V	1	0	1	1	0
183	O	0	1	1	1	1
184	V	1	0	1	1	0
185	X	0	0	0	0	0
186	N	0	1	1	1	0
187	I	0	1	0	0	1
188	L	0	1	1	0	0
189	L	0	1	1	0	0
190	I	0	1	0	0	1
191	O	0	1	1	1	1
192	X	0	0	0	0	0
193	L	0	1	1	0	0
194	K	0	1	0	1	1
195	K	0	1	0	1	1
196	N	0	1	1	1	0
197	N	0	1	1	1	0
198	K	0	1	0	1	1
199	R	1	0	0	1	0
200	V	1	0	1	1	0
201	V	1	0	1	1	0
202	O	0	1	1	1	1
203	V	1	0	1	1	0
204	I	0	1	0	0	1
205	A	0	0	0	0	1
206	X	0	0	0	0	0
207	X	0	0	0	0	0
208	L	0	1	1	0	0
209	I	0	1	0	0	1
210	Q	1	0	0	0	1
211	G	0	0	1	1	1
212	L	0	1	1	0	0
213	B	0	0	0	1	0
214	N	0	1	1	1	0
215	H	0	1	0	0	0
216	O	0	1	1	1	1
217	U	1	0	1	0	1
218	A	0	0	0	0	1
219	F	0	0	1	1	0
220	C	0	0	0	1	1
221	L	0	1	1	0	0
222	A	0	0	0	0	1
223	F	0	0	1	1	0
224	N	0	1	1	1	0
225	N	0	1	1	1	0
226	H	0	1	0	0	0
227	D	0	0	1	0	0
228	L	0	1	1	0	0
229	F	0	0	1	1	0
230	N	0	1	1	1	0
231	D	0	0	1	0	0
232	L	0	1	1	0	0
233	N	0	1	1	1	0
234	C	0	0	0	1	1
235	G	0	0	1	1	1
236	M	0	1	1	0	1
237	X	0	0	0	0	0
238	N	0	1	1	1	0
239	K	0	1	0	1	1
240	R	1	0	0	1	0
241	V	1	0	1	1	0
242	V	1	0	1	1	0
243	W	1	0	1	1	1
244	U	1	0	1	0	1
245	O	0	1	1	1	1
246	D	0	0	1	0	0
247	L	0	1	1	0	0
248	L	0	1	1	0	0
249	A	0	0	0	0	1
250	S	1	0	0	1	1
251	Q	1	0	0	0	1
252	L	0	1	1	0	0
253	U	1	0	1	0	1
254	B	0	0	0	1	0
255	V	1	0	1	1	0
256	V	1	0	1	1	0
257	R	1	0	0	1	0
258	V	1	0	1	1	0
259	I	0	1	0	0	1
260	A	0	0	0	0	1
261	Q	1	0	0	0	1
262	F	0	0	1	1	0
263	R	1	0	0	1	0
264	V	1	0	1	1	0
265	K	0	1	0	1	1
266	C	0	0	0	1	1
267	N	0	1	1	1	0
268	N	0	1	1	1	0
269	K	0	1	0	1	1
270	W	1	0	1	1	1
271	R	1	0	0	1	0
272	D	0	0	1	0	0
273	J	0	1	0	1	0
274	W	1	0	1	1	1
275	S	1	0	0	1	1
276	G	0	0	1	1	1
277	O	0	1	1	1	1
278	V	1	0	1	1	0
279	I	0	1	0	0	1
280	A	0	0	0	0	1
281	L	0	1	1	0	0
282	L	0	1	1	0	0
283	J	0	1	0	1	0
284	F	0	0	1	1	0
285	C	0	0	0	1	1
286	N	0	1	1	1	0
287	N	0	1	1	1	0
288	D	0	0	1	0	0
289	L	0	1	1	0	0
290	M	0	1	1	0	1
291	D	0	0	1	0	0
292	E	0	0	1	0	1
293	I	0	1	0	0	1
294	U	1	0	1	0	1
295	O	0	1	1	1	1
296	B	0	0	0	1	0
297	K	0	1	0	1	1
298	C	0	0	0	1	1
299	N	0	1	1	1	0
300	N	0	1	1	1	0
301	J	0	1	0	1	0
302	G	0	0	1	1	1
303	A	0	0	0	0	1
304	N	0	1	1	1	0
305	C	0	0	0	1	1
306	Q	1	0	0	0	1
307	S	1	0	0	1	1
308	L	0	1	1	0	0
309	X	0	0	0	0	0
310	N	0	1	1	1	0
311	K	0	1	0	1	1
312	S	1	0	0	1	1
313	F	0	0	1	1	0
314	N	0	1	1	1	0
315	D	0	0	1	0	0
316	L	0	1	1	0	0
317	E	0	0	1	0	1
318	R	1	0	0	1	0
319	W	1	0	1	1	1
320	C	0	0	0	1	1
321	G	0	0	1	1	1
322	A	0	0	0	0	1
323	L	0	1	1	0	0
324	E	0	0	1	0	1
325	R	1	0	0	1	0
326	V	1	0	1	1	0
327	Z	1	1	0	0	0
328	U	1	0	1	0	1
329	L	0	1	1	0	0
330	A	0	0	0	0	1
331	N	0	1	1	1	0
332	J	0	1	0	1	0
333	G	0	0	1	1	1
334	A	0	0	0	0	1
335	L	0	1	1	0	0
336	L	0	1	1	0	0
337	M	0	1	1	0	1
338	D	0	0	1	0	0
339	E	0	0	1	0	1
340	K	0	1	0	1	1
341	N	0	1	1	1	0
342	M	0	1	1	0	1
343	A	0	0	0	0	1
344	L	0	1	1	0	0
345	L	0	1	1	0	0
346	I	0	1	0	0	1
347	O	0	1	1	1	1
348	W	1	0	1	1	1
349	N	0	1	1	1	0
350	C	0	0	0	1	1
351	X	0	0	0	0	0
352	X	0	0	0	0	0
353	L	0	1	1	0	0
354	I	0	1	0	0	1
355	P	1	0	0	0	0
356	K	0	1	0	1	1
357	N	0	1	1	1	0
358	N	0	1	1	1	0
359	K	0	1	0	1	1
360	R	1	0	0	1	0
361	V	1	0	1	1	0
362	V	1	0	1	1	0
363	O	0	1	1	1	1
364	W	1	0	1	1	1
365	S	1	0	0	1	1
366	G	0	0	1	1	1
367	O	0	1	1	1	1
368	V	1	0	1	1	0
369	K	0	1	0	1	1
370	D	0	0	1	0	0
371	I	0	1	0	0	1
372	A	0	0	0	0	1
373	N	0	1	1	1	0
374	K	0	1	0	1	1
375	S	1	0	0	1	1
376	F	0	0	1	1	0
377	N	0	1	1	1	0
378	C	0	0	0	1	1
379	G	0	0	1	1	1
380	L	0	1	1	0	0
381	M	0	1	1	0	1
382	C	0	0	0	1	1
383	L	0	1	1	0	0
384	M	0	1	1	0	1
385	D	0	0	1	0	0
386	E	0	0	1	0	1
387	K	0	1	0	1	1
388	N	0	1	1	1	0
389	N	0	1	1	1	0
390	K	0	1	0	1	1
391	S	1	0	0	1	1
392	F	0	0	1	1	0
393	N	0	1	1	1	0
394	D	0	0	1	0	0
395	L	0	1	1	0	0
396	E	0	0	1	0	1
397	R	1	0	0	1	0
398	W	1	0	1	1	1
399	C	0	0	0	1	1
400	G	0	0	1	1	1
401	A	0	0	0	0	1
402	L	0	1	1	0	0
403	E	0	0	1	0	1
404	R	1	0	0	1	0
405	V	1	0	1	1	0
406	V	1	0	1	1	0
407	O	0	1	1	1	1
408	V	1	0	1	1	0
409	K	0	1	0	1	1
410	C	0	0	0	1	1
411	S	1	0	0	1	1
412	G	0	0	1	1	1
413	O	0	1	1	1	1
414	U	1	0	1	0	1
415	I	0	1	0	0	1
416	L	0	1	1	0	0
417	L	0	1	1	0	0
418	I	0	1	0	0	1
419	V	1	0	1	1	0
420	K	0	1	0	1	1
421	C	0	0	0	1	1
422	L	0	1	1	0	0
423	J	0	1	0	1	0
424	F	0	0	1	1	0
425	C	0	0	0	1	1
426	N	0	1	1	1	0
427	M	0	1	1	0	1
428	B	0	0	0	1	0
429	H	0	1	0	0	0
430	I	0	1	0	0	1
431	L	0	1	1	0	0
432	L	0	1	1	0	0
433	I	0	1	0	0	1
434	U	1	0	1	0	1
435	O	0	1	1	1	1
436	B	0	0	0	1	0
437	J	0	1	0	1	0
438	Z	1	1	0	0	0
439	S	1	0	0	1	1
440	Z	1	1	0	0	0
441	Z	1	1	0	0	0
442	Q	1	0	0	0	1
443	G	0	0	1	1	1
444	L	0	1	1	0	0
445	A	0	0	0	0	1
446	F	0	0	1	1	0
447	N	0	1	1	1	0
448	M	0	1	1	0	1
449	B	0	0	0	1	0
450	G	0	0	1	1	1
451	B	0	0	0	1	0
452	H	0	1	0	0	0
453	I	0	1	0	0	1
454	M	0	1	1	0	1
455	B	0	0	0	1	0
456	N	0	1	1	1	0
457	L	0	1	1	0	0
458	A	0	0	0	0	1
459	L	0	1	1	0	0
460	L	0	1	1	0	0
461	I	0	1	0	0	1
462	O	0	1	1	1	1
463	X	0	0	0	0	0
464	L	0	1	1	0	0
465	I	0	1	0	0	1
466	O	0	1	1	1	1
467	W	1	0	1	1	1
468	N	0	1	1	1	0
469	C	0	0	0	1	1
470	L	0	1	1	0	0
471	I	0	1	0	0	1
472	Q	1	0	0	0	1
473	G	0	0	1	1	1
474	L	0	1	1	0	0
475	B	0	0	0	1	0
476	M	0	1	1	0	1
477	D	0	0	1	0	0
478	E	0	0	1	0	1
479	B	0	0	0	1	0
480	W	1	0	1	1	1
481	M	0	1	1	0	1
482	O	0	1	1	1	1
483	R	1	0	0	1	0
484	X	0	0	0	0	0
485	L	0	1	1	0	0
486	I	0	1	0	0	1
487	O	0	1	1	1	1
488	V	1	0	1	1	0
489	V	1	0	1	1	0
490	T	1	0	1	0	0
491	E	0	0	1	0	1
492	X	0	0	0	0	0
493	X	0	0	0	0	0
494	L	0	1	1	0	0
495	K	0	1	0	1	1
496	N	0	1	1	1	0
497	N	0	1	1	1	0
498	K	0	1	0	1	1
499	R	1	0	0	1	0
500	V	1	0	1	1	0
501	X	0	0	0	0	0
502	N	0	1	1	1	0
503	K	0	1	0	1	1
504	S	1	0	0	1	1
505	F	0	0	1	1	0
506	N	0	1	1	1	0
507	C	0	0	0	1	1
508	G	0	0	1	1	1
509	L	0	1	1	0	0
510	L	0	1	1	0	0
511	F	0	0	1	1	0
512	N	0	1	1	1	0
513	N	0	1	1	1	0
514	H	0	1	0	0	0
515	D	0	0	1	0	0
516	L	0	1	1	0	0
517	F	0	0	1	1	0
518	N	0	1	1	1	0
519	D	0	0	1	0	0
520	L	0	1	1	0	0
521	E	0	0	1	0	1
522	R	1	0	0	1	0
523	V	1	0	1	1	0
524	W	1	0	1	1	1
525	U	1	0	1	0	1
526	Q	1	0	0	0	1
527	S	1	0	0	1	1
528	N	0	1	1	1	0
529	W	1	0	1	1	1
530	C	0	0	0	1	1
531	G	0	0	1	1	1
532	A	0	0	0	0	1
533	L	0	1	1	0	0
534	E	0	0	1	0	1
535	R	1	0	0	1	0
536	V	1	0	1	1	0
537	V	1	0	1	1	0
538	O	0	1	1	1	1
539	V	1	0	1	1	0
540	K	0	1	0	1	1
541	C	0	0	0	1	1
542	S	1	0	0	1	1
543	G	0	0	1	1	1
544	O	0	1	1	1	1
545	V	1	0	1	1	0
546	I	0	1	0	0	1
547	A	0	0	0	0	1
548	L	0	1	1	0	0
549	L	0	1	1	0	0
550	I	0	1	0	0	1
551	U	1	0	1	0	1
552	O	0	1	1	1	1
553	B	0	0	0	1	0
554	K	0	1	0	1	1
555	C	0	0	0	1	1
556	N	0	1	1	1	0
557	N	0	1	1	1	0
558	K	0	1	0	1	1
559	W	1	0	1	1	1
560	R	1	0	0	1	0
561	D	0	0	1	0	0
562	I	0	1	0	0	1
563	A	0	0	0	0	1
564	L	0	1	1	0	0
565	L	0	1	1	0	0
566	I	0	1	0	0	1
567	V	1	0	1	1	0
568	J	0	1	0	1	0
569	Z	1	1	0	0	0
570	S	1	0	0	1	1
571	Z	1	1	0	0	0
572	Z	1	1	0	0	0
573	Q	1	0	0	0	1
574	G	0	0	1	1	1
575	L	0	1	1	0	0
576	A	0	0	0	0	1
577	F	0	0	1	1	0
578	N	0	1	1	1	0
579	M	0	1	1	0	1
580	B	0	0	0	1	0
581	H	0	1	0	0	0
582	I	0	1	0	0	1
583	M	0	1	1	0	1
584	B	0	0	0	1	0
585	N	0	1	1	1	0
586	W	1	0	1	1	1
587	C	0	0	0	1	1
588	G	0	0	1	1	1
589	B	0	0	0	1	0
590	H	0	1	0	0	0
591	D	0	0	1	0	0
592	U	1	0	1	0	1
593	L	0	1	1	0	0
594	A	0	0	0	0	1
595	M	0	1	1	0	1
596	B	0	0	0	1	0
597	N	0	1	1	1	0
598	W	1	0	1	1	1
599	C	0	0	0	1	1
600	H	0	1	0	0	0
601	C	0	0	0	1	1
602	G	0	0	1	1	1
603	A	0	0	0	0	1
604	L	0	1	1	0	0
605	E	0	0	1	0	1
606	R	1	0	0	1	0
607	V	1	0	1	1	0
608	Z	1	1	0	0	0
609	Z	1	1	0	0	0
610	U	1	0	1	0	1
611	L	0	1	1	0	0
612	A	0	0	0	0	1
613	L	0	1	1	0	0
614	L	0	1	1	0	0
615	I	0	1	0	0	1
616	Q	1	0	0	0	1
617	G	0	0	1	1	1
618	M	0	1	1	0	1
619	D	0	0	1	0	0
620	F	0	0	1	1	0
621	C	0	0	0	1	1
622	M	0	1	1	0	1
623	D	0	0	1	0	0
624	E	0	0	1	0	1
625	B	0	0	0	1	0
626	W	1	0	1	1	1
627	N	0	1	1	1	0
628	C	0	0	0	1	1
629	L	0	1	1	0	0
630	I	0	1	0	0	1
631	Q	1	0	0	0	1
632	G	0	0	1	1	1
633	L	0	1	1	0	0
634	A	0	0	0	0	1
635	F	0	0	1	1	0
636	N	0	1	1	1	0
637	N	0	1	1	1	0
638	L	0	1	1	0	0
639	L	0	1	1	0	0
640	M	0	1	1	0	1
641	D	0	0	1	0	0
642	E	0	0	1	0	1
643	K	0	1	0	1	1
644	N	0	1	1	1	0
645	N	0	1	1	1	0
646	K	0	1	0	1	1
647	R	1	0	0	1	0
648	V	1	0	1	1	0
649	U	1	0	1	0	1
650	O	0	1	1	1	1
651	D	0	0	1	0	0
652	L	0	1	1	0	0
653	L	0	1	1	0	0
654	B	0	0	0	1	0
655	N	0	1	1	1	0
656	M	0	1	1	0	1
657	B	0	0	0	1	0
658	X	0	0	0	0	0
659	L	0	1	1	0	0
660	I	0	1	0	0	1
661	O	0	1	1	1	1
662	V	1	0	1	1	0
663	X	0	0	0	0	0
664	L	0	1	1	0	0
665	I	0	1	0	0	1
666	K	0	1	0	1	1
667	N	0	1	1	1	0
668	N	0	1	1	1	0
669	K	0	1	0	1	1
670	S	1	0	0	1	1
671	F	0	0	1	1	0
672	N	0	1	1	1	0
673	C	0	0	0	1	1
674	G	0	0	1	1	1
675	L	0	1	1	0	0
676	M	0	1	1	0	1
677	D	0	0	1	0	0
678	E	0	0	1	0	1
679	K	0	1	0	1	1
680	N	0	1	1	1	0
681	N	0	1	1	1	0
682	K	0	1	0	1	1
683	R	1	0	0	1	0
684	V	1	0	1	1	0
685	V	1	0	1	1	0
686	O	0	1	1	1	1
687	U	1	0	1	0	1
688	J	0	1	0	1	0
689	H	0	1	0	0	0
690	I	0	1	0	0	1
691	L	0	1	1	0	0
692	L	0	1	1	0	0
693	J	0	1	0	1	0
694	F	0	0	1	1	0
695	C	0	0	0	1	1
696	N	0	1	1	1	0
697	N	0	1	1	1	0
698	D	0	0	1	0	0
699	L	0	1	1	0	0
700	L	0	1	1	0	0
701	A	0	0	0	0	1
702	S	1	0	0	1	1
703	Q	1	0	0	0	1
704	L	0	1	1	0	0
705	U	1	0	1	0	1
706	B	0	0	0	1	0
707	Z	1	1	0	0	0
708	Q	1	0	0	0	1
709	G	0	0	1	1	1
710	L	0	1	1	0	0
711	A	0	0	0	0	1
712	F	0	0	1	1	0
713	N	0	1	1	1	0
714	N	0	1	1	1	0
715	X	0	0	0	0	0
716	M	0	1	1	0	1
717	B	0	0	0	1	0
718	N	0	1	1	1	0
719	W	1	0	1	1	1
720	C	0	0	0	1	1
721	G	0	0	1	1	1
722	A	0	0	0	0	1
723	L	0	1	1	0	0
724	E	0	0	1	0	1
725	R	1	0	0	1	0
726	V	1	0	1	1	0
727	V	1	0	1	1	0
728	O	0	1	1	1	1
729	V	1	0	1	1	0
730	W	1	0	1	1	1
731	S	1	0	0	1	1
732	G	0	0	1	1	1
733	Q	1	0	0	0	1
734	Z	1	1	0	0	0
735	Z	1	1	0	0	0
736	S	1	0	0	1	1
737	F	0	0	1	1	0
738	N	0	1	1	1	0
739	D	0	0	1	0	0
740	L	0	1	1	0	0
741	E	0	0	1	0	1
742	R	1	0	0	1	0
743	W	1	0	1	1	1
744	C	0	0	0	1	1
745	X	0	0	0	0	0
746	N	0	1	1	1	0
747	K	0	1	0	1	1
748	R	1	0	0	1	0
749	V	1	0	1	1	0
750	U	1	0	1	0	1
751	X	0	0	0	0	0
752	L	0	1	1	0	0
753	K	0	1	0	1	1
754	N	0	1	1	1	0
755	N	0	1	1	1	0
756	K	0	1	0	1	1
757	S	1	0	0	1	1
758	F	0	0	1	1	0
759	N	0	1	1	1	0
760	C	0	0	0	1	1
761	H	0	1	0	0	0
762	D	0	0	1	0	0
763	L	0	1	1	0	0
764	F	0	0	1	1	0
765	N	0	1	1	1	0
766	C	0	0	0	1	1
767	H	0	1	0	0	0
768	D	0	0	1	0	0
769	L	0	1	1	0	0
770	E	0	0	1	0	1
771	R	1	0	0	1	0
772	U	1	0	1	0	1
773	L	0	1	1	0	0
774	A	0	0	0	0	1
775	L	0	1	1	0	0
776	L	0	1	1	0	0
777	I	0	1	0	0	1
778	O	0	1	1	1	1
779	V	1	0	1	1	0
780	Z	1	1	0	0	0
781	Q	1	0	0	0	1
782	G	0	0	1	1	1
783	L	0	1	1	0	0
784	A	0	0	0	0	1
785	A	0	0	0	0	1
786	F	0	0	1	1	0
787	X	0	0	0	0	0
788	L	0	1	1	0	0
789	I	0	1	0	0	1
790	O	0	1	1	1	1
791	Z	1	1	0	0	0
792	Q	1	0	0	0	1
793	G	0	0	1	1	1
794	L	0	1	1	0	0
795	A	0	0	0	0	1
796	F	0	0	1	1	0
797	N	0	1	1	1	0
798	M	0	1	1	0	1
799	B	0	0	0	1	0
800	H	0	1	0	0	0
801	I	0	1	0	0	1
802	L	0	1	1	0	0
803	L	0	1	1	0	0
804	N	0	1	1	1	0
805	N	0	1	1	1	0
806	K	0	1	0	1	1
807	R	1	0	0	1	0
808	S	1	0	0	1	1
809	S	1	0	0	1	1
810	X	0	0	0	0	0
811	M	0	1	1	0	1
812	A	0	0	0	0	1
813	X	0	0	0	0	0
814	N	0	1	1	1	0
815	K	0	1	0	1	1
816	S	1	0	0	1	1
817	F	0	0	1	1	0
818	N	0	1	1	1	0
819	C	0	0	0	1	1
820	G	0	0	1	1	1
821	L	0	1	1	0	0
822	L	0	1	1	0	0
823	X	0	0	0	0	0
824	L	0	1	1	0	0
825	K	0	1	0	1	1
826	K	0	1	0	1	1
827	N	0	1	1	1	0
828	N	0	1	1	1	0
829	K	0	1	0	1	1
830	R	1	0	0	1	0
831	V	1	0	1	1	0
832	W	1	0	1	1	1
833	V	1	0	1	1	0
834	T	1	0	1	0	0
835	X	0	0	0	0	0
836	L	0	1	1	0	0
837	I	0	1	0	0	1
838	K	0	1	0	1	1
839	N	0	1	1	1	0
840	N	0	1	1	1	0
841	K	0	1	0	1	1
842	R	1	0	0	1	0
843	V	1	0	1	1	0
844	W	1	0	1	1	1
845	W	1	0	1	1	1
846	W	1	0	1	1	1
847	X	0	0	0	0	0
848	L	0	1	1	0	0
849	K	0	1	0	1	1
850	K	0	1	0	1	1
851	N	0	1	1	1	0
852	N	0	1	1	1	0
853	K	0	1	0	1	1
854	R	1	0	0	1	0
855	V	1	0	1	1	0
856	W	1	0	1	1	1
857	W	1	0	1	1	1
858	R	1	0	0	1	0
859	B	0	0	0	1	0
860	N	0	1	1	1	0
861	M	0	1	1	0	1
862	B	0	0	0	1	0
863	G	0	0	1	1	1
864	A	0	0	0	0	1
865	L	0	1	1	0	0
866	L	0	1	1	0	0
867	B	0	0	0	1	0
868	N	0	1	1	1	0
869	M	0	1	1	0	1
870	A	0	0	0	0	1
871	L	0	1	1	0	0
872	L	0	1	1	0	0
873	A	0	0	0	0	1
874	S	1	0	0	1	1
875	Q	1	0	0	0	1
876	L	0	1	1	0	0
877	V	1	0	1	1	0
878	V	1	0	1	1	0
879	T	1	0	1	0	0
880	E	0	0	1	0	1
881	X	0	0	0	0	0
882	X	0	0	0	0	0
883	L	0	1	1	0	0
884	X	0	0	0	0	0
885	L	0	1	1	0	0
886	K	0	1	0	1	1
887	K	0	1	0	1	1
888	N	0	1	1	1	0
889	N	0	1	1	1	0
890	K	0	1	0	1	1
891	S	1	0	0	1	1
892	F	0	0	1	1	0
893	N	0	1	1	1	0
894	C	0	0	0	1	1
895	H	0	1	0	0	0
896	D	0	0	1	0	0
897	L	0	1	1	0	0
898	E	0	0	1	0	1
899	R	1	0	0	1	0
900	V	1	0	1	1	0
901	V	1	0	1	1	0
902	P	1	0	0	0	0
903	H	0	1	0	0	0
904	R	1	0	0	1	0
905	D	0	0	1	0	0
906	I	0	1	0	0	1
907	A	0	0	0	0	1
908	L	0	1	1	0	0
909	L	0	1	1	0	0
910	I	0	1	0	0	1
911	U	1	0	1	0	1
912	O	0	1	1	1	1
913	B	0	0	0	1	0
914	J	0	1	0	1	0
915	Z	1	1	0	0	0
916	S	1	0	0	1	1
917	Z	1	1	0	0	0
918	U	1	0	1	0	1
919	A	0	0	0	0	1
920	F	0	0	1	1	0
921	D	0	0	1	0	0
922	F	0	0	1	1	0
923	C	0	0	0	1	1
924	L	0	1	1	0	0
925	A	0	0	0	0	1
926	F	0	0	1	1	0
927	N	0	1	1	1	0
928	N	0	1	1	1	0
929	H	0	1	0	0	0
930	D	0	0	1	0	0
931	L	0	1	1	0	0
932	N	0	1	1	1	0
933	D	0	0	1	0	0
934	L	0	1	1	0	0
935	F	0	0	1	1	0
936	N	0	1	1	1	0
937	D	0	0	1	0	0
938	M	0	1	1	0	1
939	B	0	0	0	1	0
940	H	0	1	0	0	0
941	D	0	0	1	0	0
942	W	1	0	1	1	1
943	W	1	0	1	1	1
944	D	0	0	1	0	0
945	U	1	0	1	0	1
946	L	0	1	1	0	0
947	A	0	0	0	0	1
948	N	0	1	1	1	0
949	J	0	1	0	1	0
950	G	0	0	1	1	1
951	A	0	0	0	0	1
952	L	0	1	1	0	0
953	M	0	1	1	0	1
954	D	0	0	1	0	0
955	E	0	0	1	0	1
956	K	0	1	0	1	1
957	M	0	1	1	0	1
958	D	0	0	1	0	0
959	L	0	1	1	0	0
960	U	1	0	1	0	1
961	A	0	0	0	0	1
962	F	0	0	1	1	0
963	C	0	0	0	1	1
964	N	0	1	1	1	0
965	H	0	1	0	0	0
966	O	0	1	1	1	1
967	V	1	0	1	1	0
968	V	1	0	1	1	0
969	T	1	0	1	0	0
970	E	0	0	1	0	1
971	O	0	1	1	1	1
972	B	0	0	0	1	0
973	K	0	1	0	1	1
974	C	0	0	0	1	1
975	L	0	1	1	0	0
976	I	0	1	0	0	1
977	Z	1	1	0	0	0
978	S	1	0	0	1	1
979	Z	1	1	0	0	0
980	W	1	0	1	1	1
981	N	0	1	1	1	0
982	C	0	0	0	1	1
983	N	0	1	1	1	0
984	M	0	1	1	0	1
985	B	0	0	0	1	0
986	N	0	1	1	1	0
987	W	1	0	1	1	1
988	C	0	0	0	1	1
989	G	0	0	1	1	1
990	A	0	0	0	0	1
991	N	0	1	1	1	0
992	C	0	0	0	1	1
993	H	0	1	0	0	0
994	D	0	0	1	0	0
995	L	0	1	1	0	0
996	F	0	0	1	1	0
997	N	0	1	1	1	0
998	D	0	0	1	0	0
999	L	0	1	1	0	0
1000	E	0	0	1	0	1
1001	R	1	0	0	1	0
1002	V	1	0	1	1	0
1003	W	1	0	1	1	1
1004	V	1	0	1	1	0
1005	O	0	1	1	1	1
1006	U	1	0	1	0	1
1007	I	0	1	0	0	1
1008	L	0	1	1	0	0
1009	L	0	1	1	0	0
1010	J	0	1	0	1	0
1011	F	0	0	1	1	0
1012	C	0	0	0	1	1
1013	N	0	1	1	1	0
1014	M	0	1	1	0	1
1015	B	0	0	0	1	0
1016	H	0	1	0	0	0
1017	K	0	1	0	1	1
1018	W	1	0	1	1	1
1019	R	1	0	0	1	0
1020	D	0	0	1	0	0
1021	J	0	1	0	1	0
1022	Z	1	1	0	0	0
1023	Q	1	0	0	0	1
1024	Z	1	1	0	0	0
1025	Z	1	1	0	0	0
1026	X	0	0	0	0	0
1027	L	0	1	1	0	0
1028	I	0	1	0	0	1
1029	X	0	0	0	0	0
