Point	Label	1	2	3	4	5
1	L	0	1	1	0	0
2	I	0	1	0	0	1
3	Q	1	0	0	0	1
4	G	0	0	1	1	1
5	L	0	1	1	0	0
6	A	0	0	0	0	1
7	F	0	0	1	1	0
8	N	0	1	1	1	0
9	N	0	1	1	1	0
10	L	0	1	1	0	0
11	M	0	1	1	0	1
12	D	0	0	1	0	0
13	E	0	0	1	0	1
14	I	0	1	0	0	1
15	Q	1	0	0	0	1
16	G	0	0	1	1	1
17	M	0	1	1	0	1
18	D	0	0	1	0	0
19	E	0	0	1	0	1
20	B	0	0	0	1	0
21	V	1	0	1	1	0
22	V	1	0	1	1	0
23	T	1	0	1	0	0
24	E	0	0	1	0	1
25	P	1	0	0	0	0
26	V	1	0	1	1	0
27	I	0	1	0	0	1
28	A	0	0	0	0	1
29	P	1	0	0	0	0
30	W	1	0	1	1	1
31	K	0	1	0	1	1
32	N	0	1	1	1	0
33	N	0	1	1	1	0
34	K	0	1	0	1	1
35	W	1	0	1	1	1
36	S	1	0	0	1	1
37	S	1	0	0	1	1
38	G	0	0	1	1	1
39	Q	1	0	0	0	1
40	Z	1	1	0	0	0
41	Z	1	1	0	0	0
42	S	1	0	0	1	1
43	F	0	0	1	1	0
44	N	0	1	1	1	0
45	C	0	0	0	1	1
46	G	0	0	1	1	1
47	M	0	1	1	0	1
48	B	0	0	0	1	0
49	H	0	1	0	0	0
50	K	0	1	0	1	1
51	T	1	0	1	0	0
52	I	0	1	0	0	1
53	M	0	1	1	0	1
54	B	0	0	0	1	0
55	N	0	1	1	1	0
56	W	1	0	1	1	1
57	C	0	0	0	1	1
58	G	0	0	1	1	1
59	A	0	0	0	0	1
60	L	0	1	1	0	0
61	E	0	0	1	0	1
62	T	1	0	1	0	0
63	I	0	1	0	0	1
64	L	0	1	1	0	0
65	M	0	1	1	0	1
66	D	0	0	1	0	0
67	L	0	1	1	0	0
68	Z	1	1	0	0	0
69	O	0	1	1	1	1
70	V	1	0	1	1	0
71	V	1	0	1	1	0
72	R	1	0	0	1	0
73	V	1	0	1	1	0
74	K	0	1	0	1	1
75	C	0	0	0	1	1
76	L	0	1	1	0	0
77	J	0	1	0	1	0
78	F	0	0	1	1	0
79	C	0	0	0	1	1
80	N	0	1	1	1	0
81	M	0	1	1	0	1
82	B	0	0	0	1	0
83	H	0	1	0	0	0
84	I	0	1	0	0	1
85	L	0	1	1	0	0
86	M	0	1	1	0	1
87	D	0	0	1	0	0
88	J	0	1	0	1	0
89	W	1	0	1	1	1
90	K	0	1	0	1	1
91	N	0	1	1	1	0
92	M	0	1	1	0	1
93	B	0	0	0	1	0
94	K	0	1	0	1	1
95	C	0	0	0	1	1
96	S	1	0	0	1	1
97	G	0	0	1	1	1
98	O	0	1	1	1	1
99	V	1	0	1	1	0
100	X	0	0	0	0	0
101	L	0	1	1	0	0
102	I	0	1	0	0	1
103	Q	1	0	0	0	1
104	G	0	0	1	1	1
105	L	0	1	1	0	0
106	A	0	0	0	0	1
107	F	0	0	1	1	0
108	N	0	1	1	1	0
109	L	0	1	1	0	0
110	L	0	1	1	0	0
111	L	0	1	1	0	0
112	M	0	1	1	0	1
113	D	0	0	1	0	0
114	E	0	0	1	0	1
115	I	0	1	0	0	1
116	Q	1	0	0	0	1
117	G	0	0	1	1	1
118	M	0	1	1	0	1
119	D	0	0	1	0	0
120	E	0	0	1	0	1
121	B	0	0	0	1	0
122	V	1	0	1	1	0
123	V	1	0	1	1	0
124	T	1	0	1	0	0
125	E	0	0	1	0	1
126	P	1	0	0	0	0
127	W	1	0	1	1	1
128	K	0	1	0	1	1
129	N	0	1	1	1	0
130	N	0	1	1	1	0
131	K	0	1	0	1	1
132	Z	1	1	0	0	0
133	Q	1	0	0	0	1
134	Z	1	1	0	0	0
135	Z	1	1	0	0	0
136	X	0	0	0	0	0
137	N	0	1	1	1	0
138	J	0	1	0	1	0
139	G	0	0	1	1	1
140	A	0	0	0	0	1
141	N	0	1	1	1	0
142	H	0	1	0	0	0
143	C	0	0	0	1	1
144	G	0	0	1	1	1
145	M	0	1	1	0	1
146	B	0	0	0	1	0
147	H	0	1	0	0	0
148	K	0	1	0	1	1
149	S	1	0	0	1	1
150	F	0	0	1	1	0
151	N	0	1	1	1	0
152	D	0	0	1	0	0
153	L	0	1	1	0	0
154	N	0	1	1	1	0
155	D	0	0	1	0	0
156	L	0	1	1	0	0
157	X	0	0	0	0	0
158	N	0	1	1	1	0
159	K	0	1	0	1	1
160	S	1	0	0	1	1
161	F	0	0	1	1	0
162	M	0	1	1	0	1
163	B	0	0	0	1	0
164	H	0	1	0	0	0
165	D	0	0	1	0	0
166	U	1	0	1	0	1
167	L	0	1	1	0	0
168	A	0	0	0	0	1
169	L	0	1	1	0	0
170	M	0	1	1	0	1
171	D	0	0	1	0	0
172	L	0	1	1	0	0
173	Z	1	1	0	0	0
174	P	1	0	0	0	0
175	K	0	1	0	1	1
176	N	0	1	1	1	0
177	N	0	1	1	1	0
178	K	0	1	0	1	1
179	R	1	0	0	1	0
180	V	1	0	1	1	0
181	V	1	0	1	1	0
182	O	0	1	1	1	1
183	W	1	0	1	1	1
184	R	1	0	0	1	0
185	D	0	0	1	0	0
186	I	0	1	0	0	1
187	A	0	0	0	0	1
188	L	0	1	1	0	0
189	M	0	1	1	0	1
190	D	0	0	1	0	0
191	J	0	1	0	1	0
192	Z	1	1	0	0	0
193	T	1	0	1	0	0
194	E	0	0	1	0	1
195	O	0	1	1	1	1
196	B	0	0	0	1	0
197	K	0	1	0	1	1
198	C	0	0	0	1	1
199	L	0	1	1	0	0
200	J	0	1	0	1	0
201	F	0	0	1	1	0
202	C	0	0	0	1	1
203	N	0	1	1	1	0
204	M	0	1	1	0	1
205	B	0	0	0	1	0
206	H	0	1	0	0	0
207	I	0	1	0	0	1
208	M	0	1	1	0	1
209	B	0	0	0	1	0
210	J	0	1	0	1	0
211	Z	1	1	0	0	0
212	P	1	0	0	0	0
213	H	0	1	0	0	0
214	X	0	0	0	0	0
215	L	0	1	1	0	0
216	I	0	1	0	0	1
217	X	0	0	0	0	0
218	L	0	1	1	0	0
219	I	0	1	0	0	1
220	X	0	0	0	0	0
221	L	0	1	1	0	0
222	I	0	1	0	0	1
223	X	0	0	0	0	0
224	L	0	1	1	0	0
225	I	0	1	0	0	1
226	X	0	0	0	0	0
227	L	0	1	1	0	0
228	I	0	1	0	0	1
229	X	0	0	0	0	0
230	L	0	1	1	0	0
231	I	0	1	0	0	1
232	X	0	0	0	0	0
233	L	0	1	1	0	0
234	I	0	1	0	0	1
235	X	0	0	0	0	0
236	L	0	1	1	0	0
237	I	0	1	0	0	1
238	Q	1	0	0	0	1
239	G	0	0	1	1	1
240	L	0	1	1	0	0
241	A	0	0	0	0	1
242	F	0	0	1	1	0
243	N	0	1	1	1	0
244	N	0	1	1	1	0
245	L	0	1	1	0	0
246	M	0	1	1	0	1
247	D	0	0	1	0	0
248	E	0	0	1	0	1
249	I	0	1	0	0	1
250	Q	1	0	0	0	1
251	G	0	0	1	1	1
252	M	0	1	1	0	1
253	D	0	0	1	0	0
254	E	0	0	1	0	1
255	B	0	0	0	1	0
256	V	1	0	1	1	0
257	V	1	0	1	1	0
258	T	1	0	1	0	0
259	E	0	0	1	0	1
260	P	1	0	0	0	0
261	V	1	0	1	1	0
262	K	0	1	0	1	1
263	C	0	0	0	1	1
264	N	0	1	1	1	0
265	N	0	1	1	1	0
266	K	0	1	0	1	1
267	Z	1	1	0	0	0
268	Q	1	0	0	0	1
269	Z	1	1	0	0	0
270	W	1	0	1	1	1
271	C	0	0	0	1	1
272	G	0	0	1	1	1
273	A	0	0	0	0	1
274	N	0	1	1	1	0
275	C	0	0	0	1	1
276	G	0	0	1	1	1
277	M	0	1	1	0	1
278	B	0	0	0	1	0
279	H	0	1	0	0	0
280	I	0	1	0	0	1
281	M	0	1	1	0	1
282	B	0	0	0	1	0
283	N	0	1	1	1	0
284	Z	1	1	0	0	0
285	S	1	0	0	1	1
286	F	0	0	1	1	0
287	L	0	1	1	0	0
288	E	0	0	1	0	1
289	T	1	0	1	0	0
290	I	0	1	0	0	1
291	L	0	1	1	0	0
292	M	0	1	1	0	1
293	D	0	0	1	0	0
294	L	0	1	1	0	0
295	Z	1	1	0	0	0
296	O	0	1	1	1	1
297	O	0	1	1	1	1
298	V	1	0	1	1	0
299	U	1	0	1	0	1
300	U	1	0	1	0	1
301	X	0	0	0	0	0
302	N	0	1	1	1	0
303	K	0	1	0	1	1
304	R	1	0	0	1	0
305	V	1	0	1	1	0
306	V	1	0	1	1	0
307	P	1	0	0	0	0
308	H	0	1	0	0	0
309	R	1	0	0	1	0
310	D	0	0	1	0	0
311	I	0	1	0	0	1
312	A	0	0	0	0	1
313	N	0	1	1	1	0
314	J	0	1	0	1	0
315	G	0	0	1	1	1
316	A	0	0	0	0	1
317	L	0	1	1	0	0
318	M	0	1	1	0	1
319	D	0	0	1	0	0
320	E	0	0	1	0	1
321	K	0	1	0	1	1
322	N	0	1	1	1	0
323	N	0	1	1	1	0
324	K	0	1	0	1	1
325	W	1	0	1	1	1
326	R	1	0	0	1	0
327	D	0	0	1	0	0
328	I	0	1	0	0	1
329	A	0	0	0	0	1
330	L	0	1	1	0	0
331	M	0	1	1	0	1
332	D	0	0	1	0	0
333	I	0	1	0	0	1
334	A	0	0	0	0	1
335	Q	1	0	0	0	1
336	F	0	0	1	1	0
337	R	1	0	0	1	0
338	W	1	0	1	1	1
339	K	0	1	0	1	1
340	N	0	1	1	1	0
341	N	0	1	1	1	0
342	K	0	1	0	1	1
343	V	1	0	1	1	0
344	X	0	0	0	0	0
345	L	0	1	1	0	0
346	I	0	1	0	0	1
347	Q	1	0	0	0	1
348	G	0	0	1	1	1
349	L	0	1	1	0	0
350	A	0	0	0	0	1
351	F	0	0	1	1	0
352	N	0	1	1	1	0
353	N	0	1	1	1	0
354	H	0	1	0	0	0
355	D	0	0	1	0	0
356	M	0	1	1	0	1
357	B	0	0	0	1	0
358	H	0	1	0	0	0
359	D	0	0	1	0	0
360	U	1	0	1	0	1
361	L	0	1	1	0	0
362	A	0	0	0	0	1
363	N	0	1	1	1	0
364	K	0	1	0	1	1
365	S	1	0	0	1	1
366	F	0	0	1	1	0
367	N	0	1	1	1	0
368	C	0	0	0	1	1
369	G	0	0	1	1	1
370	M	0	1	1	0	1
371	B	0	0	0	1	0
372	H	0	1	0	0	0
373	K	0	1	0	1	1
374	R	1	0	0	1	0
375	V	1	0	1	1	0
376	V	1	0	1	1	0
377	P	1	0	0	0	0
378	H	0	1	0	0	0
379	R	1	0	0	1	0
380	D	0	0	1	0	0
381	I	0	1	0	0	1
382	A	0	0	0	0	1
383	N	0	1	1	1	0
384	J	0	1	0	1	0
385	G	0	0	1	1	1
386	A	0	0	0	0	1
387	L	0	1	1	0	0
388	M	0	1	1	0	1
389	D	0	0	1	0	0
390	F	0	0	1	1	0
391	X	0	0	0	0	0
392	M	0	1	1	0	1
393	B	0	0	0	1	0
394	N	0	1	1	1	0
395	V	1	0	1	1	0
396	V	1	0	1	1	0
397	O	0	1	1	1	1
398	W	1	0	1	1	1
399	R	1	0	0	1	0
400	D	0	0	1	0	0
401	K	0	1	0	1	1
402	K	0	1	0	1	1
403	C	0	0	0	1	1
404	R	1	0	0	1	0
405	D	0	0	1	0	0
406	J	0	1	0	1	0
407	Z	1	1	0	0	0
408	Q	1	0	0	0	1
409	O	0	1	1	1	1
410	U	1	0	1	0	1
411	I	0	1	0	0	1
412	L	0	1	1	0	0
413	M	0	1	1	0	1
414	D	0	0	1	0	0
415	X	0	0	0	0	0
416	L	0	1	1	0	0
417	I	0	1	0	0	1
418	X	0	0	0	0	0
419	L	0	1	1	0	0
420	I	0	1	0	0	1
421	X	0	0	0	0	0
422	N	0	1	1	1	0
423	K	0	1	0	1	1
424	S	1	0	0	1	1
425	F	0	0	1	1	0
426	N	0	1	1	1	0
427	C	0	0	0	1	1
428	G	0	0	1	1	1
429	L	0	1	1	0	0
430	N	0	1	1	1	0
431	N	0	1	1	1	0
432	M	0	1	1	0	1
433	B	0	0	0	1	0
434	H	0	1	0	0	0
435	K	0	1	0	1	1
436	S	1	0	0	1	1
437	F	0	0	1	1	0
438	M	0	1	1	0	1
439	B	0	0	0	1	0
440	H	0	1	0	0	0
441	D	0	0	1	0	0
442	U	1	0	1	0	1
443	L	0	1	1	0	0
444	A	0	0	0	0	1
445	L	0	1	1	0	0
446	L	0	1	1	0	0
447	I	0	1	0	0	1
448	Q	1	0	0	0	1
449	G	0	0	1	1	1
450	L	0	1	1	0	0
451	A	0	0	0	0	1
452	F	0	0	1	1	0
453	M	0	1	1	0	1
454	D	0	0	1	0	0
455	E	0	0	1	0	1
456	K	0	1	0	1	1
457	N	0	1	1	1	0
458	M	0	1	1	0	1
459	A	0	0	0	0	1
460	L	0	1	1	0	0
461	M	0	1	1	0	1
462	D	0	0	1	0	0
463	L	0	1	1	0	0
464	U	1	0	1	0	1
465	A	0	0	0	0	1
466	F	0	0	1	1	0
467	C	0	0	0	1	1
468	N	0	1	1	1	0
469	H	0	1	0	0	0
470	O	0	1	1	1	1
471	V	1	0	1	1	0
472	V	1	0	1	1	0
473	R	1	0	0	1	0
474	U	1	0	1	0	1
475	O	0	1	1	1	1
476	B	0	0	0	1	0
477	J	0	1	0	1	0
478	U	1	0	1	0	1
479	Q	1	0	0	0	1
480	F	0	0	1	1	0
481	R	1	0	0	1	0
482	W	1	0	1	1	1
483	K	0	1	0	1	1
484	N	0	1	1	1	0
485	N	0	1	1	1	0
486	K	0	1	0	1	1
487	Z	1	1	0	0	0
488	Q	1	0	0	0	1
489	Z	1	1	0	0	0
490	Z	1	1	0	0	0
491	V	1	0	1	1	0
492	V	1	0	1	1	0
493	P	1	0	0	0	0
494	H	0	1	0	0	0
495	R	1	0	0	1	0
496	D	0	0	1	0	0
497	I	0	1	0	0	1
498	A	0	0	0	0	1
499	L	0	1	1	0	0
500	M	0	1	1	0	1
501	D	0	0	1	0	0
502	C	0	0	0	1	1
503	L	0	1	1	0	0
504	J	0	1	0	1	0
505	F	0	0	1	1	0
506	C	0	0	0	1	1
507	N	0	1	1	1	0
508	M	0	1	1	0	1
509	B	0	0	0	1	0
510	H	0	1	0	0	0
511	K	0	1	0	1	1
512	V	1	0	1	1	0
513	X	0	0	0	0	0
514	L	0	1	1	0	0
515	I	0	1	0	0	1
516	Q	1	0	0	0	1
517	G	0	0	1	1	1
518	L	0	1	1	0	0
519	A	0	0	0	0	1
520	F	0	0	1	1	0
521	N	0	1	1	1	0
522	N	0	1	1	1	0
523	L	0	1	1	0	0
524	L	0	1	1	0	0
525	E	0	0	1	0	1
526	B	0	0	0	1	0
527	M	0	1	1	0	1
528	D	0	0	1	0	0
529	F	0	0	1	1	0
530	D	0	0	1	0	0
531	E	0	0	1	0	1
532	B	0	0	0	1	0
533	W	1	0	1	1	1
534	L	0	1	1	0	0
535	V	1	0	1	1	0
536	V	1	0	1	1	0
537	T	1	0	1	0	0
538	E	0	0	1	0	1
539	O	0	1	1	1	1
540	B	0	0	0	1	0
541	J	0	1	0	1	0
542	W	1	0	1	1	1
543	K	0	1	0	1	1
544	N	0	1	1	1	0
545	N	0	1	1	1	0
546	K	0	1	0	1	1
547	Z	1	1	0	0	0
548	Q	1	0	0	0	1
549	Z	1	1	0	0	0
550	Z	1	1	0	0	0
551	S	1	0	0	1	1
552	F	0	0	1	1	0
553	N	0	1	1	1	0
554	C	0	0	0	1	1
555	G	0	0	1	1	1
556	M	0	1	1	0	1
557	B	0	0	0	1	0
558	H	0	1	0	0	0
559	K	0	1	0	1	1
560	T	1	0	1	0	0
561	I	0	1	0	0	1
562	L	0	1	1	0	0
563	L	0	1	1	0	0
564	J	0	1	0	1	0
565	F	0	0	1	1	0
566	C	0	0	0	1	1
567	N	0	1	1	1	0
568	M	0	1	1	0	1
569	B	0	0	0	1	0
570	H	0	1	0	0	0
571	I	0	1	0	0	1
572	N	0	1	1	1	0
573	N	0	1	1	1	0
574	K	0	1	0	1	1
575	S	1	0	0	1	1
576	F	0	0	1	1	0
577	M	0	1	1	0	1
578	B	0	0	0	1	0
579	H	0	1	0	0	0
580	D	0	0	1	0	0
581	U	1	0	1	0	1
582	L	0	1	1	0	0
583	A	0	0	0	0	1
584	N	0	1	1	1	0
585	K	0	1	0	1	1
586	T	1	0	1	0	0
587	I	0	1	0	0	1
588	L	0	1	1	0	0
589	M	0	1	1	0	1
590	D	0	0	1	0	0
591	L	0	1	1	0	0
592	Z	1	1	0	0	0
593	O	0	1	1	1	1
594	O	0	1	1	1	1
595	V	1	0	1	1	0
596	V	1	0	1	1	0
597	R	1	0	0	1	0
598	W	1	0	1	1	1
599	K	0	1	0	1	1
600	M	0	1	1	0	1
601	D	0	0	1	0	0
602	J	0	1	0	1	0
603	W	1	0	1	1	1
604	J	0	1	0	1	0
605	F	0	0	1	1	0
606	C	0	0	0	1	1
607	N	0	1	1	1	0
608	M	0	1	1	0	1
609	B	0	0	0	1	0
610	H	0	1	0	0	0
611	I	0	1	0	0	1
612	L	0	1	1	0	0
613	L	0	1	1	0	0
614	I	0	1	0	0	1
615	Z	1	1	0	0	0
616	S	1	0	0	1	1
617	U	1	0	1	0	1
618	W	1	0	1	1	1
619	R	1	0	0	1	0
620	B	0	0	0	1	0
621	M	0	1	1	0	1
622	D	0	0	1	0	0
623	F	0	0	1	1	0
624	C	0	0	0	1	1
625	N	0	1	1	1	0
626	M	0	1	1	0	1
627	B	0	0	0	1	0
628	H	0	1	0	0	0
629	K	0	1	0	1	1
630	W	1	0	1	1	1
631	R	1	0	0	1	0
632	D	0	0	1	0	0
633	I	0	1	0	0	1
634	A	0	0	0	0	1
635	N	0	1	1	1	0
636	K	0	1	0	1	1
637	V	1	0	1	1	0
638	K	0	1	0	1	1
639	C	0	0	0	1	1
640	T	1	0	1	0	0
641	U	1	0	1	0	1
642	J	0	1	0	1	0
643	H	0	1	0	0	0
644	K	0	1	0	1	1
645	W	1	0	1	1	1
646	S	1	0	0	1	1
647	G	0	0	1	1	1
648	X	0	0	0	0	0
649	L	0	1	1	0	0
650	I	0	1	0	0	1
651	Q	1	0	0	0	1
652	G	0	0	1	1	1
653	L	0	1	1	0	0
654	A	0	0	0	0	1
655	F	0	0	1	1	0
656	N	0	1	1	1	0
657	N	0	1	1	1	0
658	H	0	1	0	0	0
659	D	0	0	1	0	0
660	M	0	1	1	0	1
661	B	0	0	0	1	0
662	H	0	1	0	0	0
663	D	0	0	1	0	0
664	W	1	0	1	1	1
665	D	0	0	1	0	0
666	V	1	0	1	1	0
667	Z	1	1	0	0	0
668	S	1	0	0	1	1
669	F	0	0	1	1	0
670	L	0	1	1	0	0
671	L	0	1	1	0	0
672	E	0	0	1	0	1
673	R	1	0	0	1	0
674	U	1	0	1	0	1
675	L	0	1	1	0	0
676	A	0	0	0	0	1
677	N	0	1	1	1	0
678	K	0	1	0	1	1
679	S	1	0	0	1	1
680	E	0	0	1	0	1
681	T	1	0	1	0	0
682	J	0	1	0	1	0
683	G	0	0	1	1	1
684	A	0	0	0	0	1
685	L	0	1	1	0	0
686	L	0	1	1	0	0
687	E	0	0	1	0	1
688	B	0	0	0	1	0
689	M	0	1	1	0	1
690	D	0	0	1	0	0
691	F	0	0	1	1	0
692	C	0	0	0	1	1
693	L	0	1	1	0	0
694	A	0	0	0	0	1
695	F	0	0	1	1	0
696	M	0	1	1	0	1
697	D	0	0	1	0	0
698	E	0	0	1	0	1
699	I	0	1	0	0	1
700	O	0	1	1	1	1
701	V	1	0	1	1	0
702	V	1	0	1	1	0
703	Z	1	1	0	0	0
704	U	1	0	1	0	1
705	V	1	0	1	1	0
706	P	1	0	0	0	0
707	H	0	1	0	0	0
708	R	1	0	0	1	0
709	D	0	0	1	0	0
710	I	0	1	0	0	1
711	A	0	0	0	0	1
712	L	0	1	1	0	0
713	M	0	1	1	0	1
714	D	0	0	1	0	0
715	I	0	1	0	0	1
716	A	0	0	0	0	1
717	Q	1	0	0	0	1
718	F	0	0	1	1	0
719	S	1	0	0	1	1
720	R	1	0	0	1	0
721	Z	1	1	0	0	0
722	R	1	0	0	1	0
723	R	1	0	0	1	0
724	W	1	0	1	1	1
725	K	0	1	0	1	1
726	N	0	1	1	1	0
727	N	0	1	1	1	0
728	K	0	1	0	1	1
729	Z	1	1	0	0	0
730	Z	1	1	0	0	0
731	O	0	1	1	1	1
732	U	1	0	1	0	1
733	J	0	1	0	1	0
734	G	0	0	1	1	1
735	A	0	0	0	0	1
736	L	0	1	1	0	0
737	M	0	1	1	0	1
738	D	0	0	1	0	0
739	E	0	0	1	0	1
740	I	0	1	0	0	1
741	U	1	0	1	0	1
742	Q	1	0	0	0	1
743	E	0	0	1	0	1
744	O	0	1	1	1	1
745	B	0	0	0	1	0
746	J	0	1	0	1	0
747	Z	1	1	0	0	0
748	S	1	0	0	1	1
749	R	1	0	0	1	0
750	V	1	0	1	1	0
751	K	0	1	0	1	1
752	C	0	0	0	1	1
753	N	0	1	1	1	0
754	N	0	1	1	1	0
755	K	0	1	0	1	1
756	Z	1	1	0	0	0
757	Q	1	0	0	0	1
758	V	1	0	1	1	0
759	O	0	1	1	1	1
760	U	1	0	1	0	1
761	J	0	1	0	1	0
762	X	0	0	0	0	0
763	L	0	1	1	0	0
764	I	0	1	0	0	1
765	Q	1	0	0	0	1
766	G	0	0	1	1	1
767	M	0	1	1	0	1
768	D	0	0	1	0	0
769	E	0	0	1	0	1
770	B	0	0	0	1	0
771	W	1	0	1	1	1
772	N	0	1	1	1	0
773	C	0	0	0	1	1
774	N	0	1	1	1	0
775	L	0	1	1	0	0
776	L	0	1	1	0	0
777	L	0	1	1	0	0
778	I	0	1	0	0	1
779	X	0	0	0	0	0
780	N	0	1	1	1	0
781	K	0	1	0	1	1
782	R	1	0	0	1	0
783	V	1	0	1	1	0
784	X	0	0	0	0	0
785	L	0	1	1	0	0
786	I	0	1	0	0	1
787	Q	1	0	0	0	1
788	G	0	0	1	1	1
789	L	0	1	1	0	0
790	A	0	0	0	0	1
791	F	0	0	1	1	0
792	E	0	0	1	0	1
793	B	0	0	0	1	0
794	N	0	1	1	1	0
795	X	0	0	0	0	0
796	L	0	1	1	0	0
797	I	0	1	0	0	1
798	X	0	0	0	0	0
799	L	0	1	1	0	0
800	I	0	1	0	0	1
801	Q	1	0	0	0	1
802	G	0	0	1	1	1
803	L	0	1	1	0	0
804	A	0	0	0	0	1
805	F	0	0	1	1	0
806	N	0	1	1	1	0
807	N	0	1	1	1	0
808	L	0	1	1	0	0
809	M	0	1	1	0	1
810	D	0	0	1	0	0
811	E	0	0	1	0	1
812	I	0	1	0	0	1
813	Q	1	0	0	0	1
814	G	0	0	1	1	1
815	M	0	1	1	0	1
816	D	0	0	1	0	0
817	E	0	0	1	0	1
818	B	0	0	0	1	0
819	V	1	0	1	1	0
820	V	1	0	1	1	0
821	R	1	0	0	1	0
822	W	1	0	1	1	1
823	J	0	1	0	1	0
824	F	0	0	1	1	0
825	C	0	0	0	1	1
826	N	0	1	1	1	0
827	M	0	1	1	0	1
828	B	0	0	0	1	0
829	H	0	1	0	0	0
830	K	0	1	0	1	1
831	Z	1	1	0	0	0
832	P	1	0	0	0	0
833	H	0	1	0	0	0
834	R	1	0	0	1	0
835	D	0	0	1	0	0
836	J	0	1	0	1	0
837	Z	1	1	0	0	0
838	Q	1	0	0	0	1
839	Z	1	1	0	0	0
840	Z	1	1	0	0	0
841	S	1	0	0	1	1
842	F	0	0	1	1	0
843	N	0	1	1	1	0
844	C	0	0	0	1	1
845	G	0	0	1	1	1
846	H	0	1	0	0	0
847	D	0	0	1	0	0
848	M	0	1	1	0	1
849	B	0	0	0	1	0
850	G	0	0	1	1	1
851	B	0	0	0	1	0
852	H	0	1	0	0	0
853	D	0	0	1	0	0
854	U	1	0	1	0	1
855	L	0	1	1	0	0
856	A	0	0	0	0	1
857	N	0	1	1	1	0
858	K	0	1	0	1	1
859	T	1	0	1	0	0
860	I	0	1	0	0	1
861	L	0	1	1	0	0
862	N	0	1	1	1	0
863	J	0	1	0	1	0
864	G	0	0	1	1	1
865	A	0	0	0	0	1
866	L	0	1	1	0	0
867	L	0	1	1	0	0
868	N	0	1	1	1	0
869	N	0	1	1	1	0
870	H	0	1	0	0	0
871	D	0	0	1	0	0
872	L	0	1	1	0	0
873	E	0	0	1	0	1
874	R	1	0	0	1	0
875	V	1	0	1	1	0
876	V	1	0	1	1	0
877	Z	1	1	0	0	0
878	U	1	0	1	0	1
879	L	0	1	1	0	0
880	A	0	0	0	0	1
881	N	0	1	1	1	0
882	K	0	1	0	1	1
883	R	1	0	0	1	0
884	V	1	0	1	1	0
885	W	1	0	1	1	1
886	V	1	0	1	1	0
887	T	1	0	1	0	0
888	E	0	0	1	0	1
889	O	0	1	1	1	1
890	B	0	0	0	1	0
891	K	0	1	0	1	1
892	C	0	0	0	1	1
893	N	0	1	1	1	0
894	N	0	1	1	1	0
895	K	0	1	0	1	1
896	V	1	0	1	1	0
897	I	0	1	0	0	1
898	A	0	0	0	0	1
899	L	0	1	1	0	0
900	L	0	1	1	0	0
901	I	0	1	0	0	1
902	V	1	0	1	1	0
903	I	0	1	0	0	1
904	A	0	0	0	0	1
905	P	1	0	0	0	0
906	W	1	0	1	1	1
907	J	0	1	0	1	0
908	F	0	0	1	1	0
909	C	0	0	0	1	1
910	N	0	1	1	1	0
911	M	0	1	1	0	1
912	B	0	0	0	1	0
913	H	0	1	0	0	0
914	K	0	1	0	1	1
915	Z	1	1	0	0	0
916	Q	1	0	0	0	1
917	U	1	0	1	0	1
918	P	1	0	0	0	0
919	W	1	0	1	1	1
920	Z	1	1	0	0	0
921	U	1	0	1	0	1
922	L	0	1	1	0	0
923	A	0	0	0	0	1
924	L	0	1	1	0	0
925	M	0	1	1	0	1
926	D	0	0	1	0	0
927	L	0	1	1	0	0
928	N	0	1	1	1	0
929	C	0	0	0	1	1
930	X	0	0	0	0	0
931	L	0	1	1	0	0
932	I	0	1	0	0	1
933	O	0	1	1	1	1
934	X	0	0	0	0	0
935	L	0	1	1	0	0
936	I	0	1	0	0	1
937	Q	1	0	0	0	1
938	G	0	0	1	1	1
939	L	0	1	1	0	0
940	A	0	0	0	0	1
941	F	0	0	1	1	0
942	N	0	1	1	1	0
943	N	0	1	1	1	0
944	L	0	1	1	0	0
945	M	0	1	1	0	1
946	D	0	0	1	0	0
947	E	0	0	1	0	1
948	I	0	1	0	0	1
949	Q	1	0	0	0	1
950	G	0	0	1	1	1
951	M	0	1	1	0	1
952	D	0	0	1	0	0
953	E	0	0	1	0	1
954	B	0	0	0	1	0
955	V	1	0	1	1	0
956	Z	1	1	0	0	0
957	P	1	0	0	0	0
958	K	0	1	0	1	1
959	N	0	1	1	1	0
960	N	0	1	1	1	0
961	J	0	1	0	1	0
962	G	0	0	1	1	1
963	A	0	0	0	0	1
964	N	0	1	1	1	0
965	H	0	1	0	0	0
966	D	0	0	1	0	0
967	L	0	1	1	0	0
968	E	0	0	1	0	1
969	R	1	0	0	1	0
970	U	1	0	1	0	1
971	L	0	1	1	0	0
972	A	0	0	0	0	1
973	L	0	1	1	0	0
974	M	0	1	1	0	1
975	D	0	0	1	0	0
976	L	0	1	1	0	0
977	N	0	1	1	1	0
978	C	0	0	0	1	1
979	L	0	1	1	0	0
980	I	0	1	0	0	1
981	O	0	1	1	1	1
982	W	1	0	1	1	1
983	M	0	1	1	0	1
984	P	1	0	0	0	0
985	R	1	0	0	1	0
986	P	1	0	0	0	0
987	W	1	0	1	1	1
988	V	1	0	1	1	0
989	P	1	0	0	0	0
990	H	0	1	0	0	0
991	R	1	0	0	1	0
992	D	0	0	1	0	0
993	I	0	1	0	0	1
994	A	0	0	0	0	1
995	N	0	1	1	1	0
996	K	0	1	0	1	1
997	Z	1	1	0	0	0
998	Z	1	1	0	0	0
999	Q	1	0	0	0	1
1000	Z	1	1	0	0	0
1001	W	1	0	1	1	1
1002	C	0	0	0	1	1
1003	G	0	0	1	1	1
1004	A	0	0	0	0	1
1005	L	0	1	1	0	0
1006	E	0	0	1	0	1
1007	T	1	0	1	0	0
1008	I	0	1	0	0	1
1009	K	0	1	0	1	1
1010	R	1	0	0	1	0
1011	V	1	0	1	1	0
1012	W	1	0	1	1	1
1013	Z	1	1	0	0	0
1014	V	1	0	1	1	0
1015	Z	1	1	0	0	0
1016	V	1	0	1	1	0
1017	T	1	0	1	0	0
1018	E	0	0	1	0	1
1019	O	0	1	1	1	1
1020	B	0	0	0	1	0
1021	K	0	1	0	1	1
1022	C	0	0	0	1	1
1023	L	0	1	1	0	0
1024	I	0	1	0	0	1
1025	V	1	0	1	1	0
1026	J	0	1	0	1	0
1027	V	1	0	1	1	0
1028	K	0	1	0	1	1
1029	C	0	0	0	1	1
1030	L	0	1	1	0	0
1031	J	0	1	0	1	0
1032	F	0	0	1	1	0
1033	C	0	0	0	1	1
1034	N	0	1	1	1	0
1035	M	0	1	1	0	1
1036	B	0	0	0	1	0
1037	H	0	1	0	0	0
1038	X	0	0	0	0	0
1039	L	0	1	1	0	0
1040	I	0	1	0	0	1
1041	Q	1	0	0	0	1
1042	H	0	1	0	0	0
1043	O	0	1	1	1	1
1044	V	1	0	1	1	0
1045	V	1	0	1	1	0
1046	R	1	0	0	1	0
1047	V	1	0	1	1	0
1048	K	0	1	0	1	1
1049	C	0	0	0	1	1
1050	N	0	1	1	1	0
1051	N	0	1	1	1	0
1052	K	0	1	0	1	1
1053	V	1	0	1	1	0
